Temps de latence : 2719 ms

N°Pt	SN	T	X	Y	Z	P	Alt	Azi	Twi	Lever
1	25140	5654125	18365	23849	493	0	490	900	0	0
2	25141	5654130	18366	23849	493	0	490	900	0	0
3	25142	5654135	18367	23849	493	0	490	900	0	0
4	25143	5654140	18368	23849	493	0	490	900	0	0
5	25144	5654145	18369	23849	493	0	490	900	0	0
6	25145	5654150	18369	23849	493	0	490	900	0	0
7	25146	5654155	18369	23849	485	0	490	900	0	0
8	25147	5654160	18369	23849	485	0	490	900	0	0
9	25148	5654165	18369	23849	485	0	490	900	0	0
10	25149	5654170	18369	23852	485	0	490	900	0	0
11	25150	5654175	18369	23855	473	0	490	900	0	0
12	25151	5654180	18369	23858	473	0	490	900	0	0
13	25152	5654185	18369	23861	465	0	490	900	0	0
14	25153	5654190	18369	23864	465	0	500	900	0	0
15	25154	5654195	18369	23867	465	0	500	900	0	0
16	25155	5654200	18369	23870	453	0	500	900	0	0
17	25156	5654205	18369	23873	453	0	500	900	0	0
18	25157	5654210	18369	23875	453	0	500	900	0	0
19	25158	5654215	18369	23878	445	0	500	900	0	0
20	25159	5654220	18369	23881	445	0	500	900	0	0
21	25160	5654225	18369	23883	445	0	500	900	0	0
22	25161	5654230	18369	23885	433	0	510	900	0	0
23	25162	5654235	18369	23887	433	0	510	900	0	0
24	25163	5654240	18369	23890	425	0	510	900	0	0
25	25164	5654245	18369	23891	425	0	510	900	0	0
26	25165	5654250	18369	23892	425	0	510	900	0	0
27	25166	5654255	18369	23893	413	0	510	900	0	0
28	25167	5654260	18369	23893	413	0	510	900	0	0
29	25168	5654265	18368	23894	401	0	510	900	0	0
30	25169	5654270	18367	23895	393	0	510	900	0	0
31	25170	5654275	18366	23895	393	0	510	900	0	0
32	25171	5654280	18364	23897	381	0	520	900	0	0
33	25172	5654285	18363	23897	373	0	520	900	0	0
34	25173	5654290	18361	23898	373	0	520	900	0	0
35	25174	5654295	18359	23899	361	0	520	900	0	0
36	25175	5654300	18357	23900	353	0	520	900	0	0
37	25176	5654305	18355	23900	353	0	520	900	0	0
38	25177	5654310	18352	23901	341	0	520	900	0	0
39	25178	5654315	18349	23901	332	0	520	900	0	0
40	25179	5654320	18346	23902	332	0	520	900	0	0
41	25180	5654325	18344	23902	320	0	530	900	0	0
42	25181	5654330	18341	23903	320	0	530	900	0	0
43	25182	5654335	18339	23903	312	0	530	900	0	0
44	25183	5654340	18336	23904	312	0	530	900	0	0
45	25184	5654345	18333	23904	312	0	530	900	0	0
46	25185	5654350	18331	23905	300	0	530	900	0	0
47	25186	5654355	18328	23905	300	0	530	900	0	0
48	25187	5654360	18326	23906	300	0	530	900	0	0
49	25188	5654365	18322	23906	292	0	530	900	0	0
50	25189	5654370	18320	23906	292	0	540	900	0	0
51	25190	5654375	18319	23906	292	0	540	900	0	0
52	25191	5654380	18317	23906	292	0	540	900	0	0
53	25192	5654385	18315	23906	292	0	540	900	0	0
54	25193	5654390	18314	23906	292	0	540	900	0	0
55	25194	5654395	18313	23906	292	0	540	900	0	0
56	25195	5654400	18312	23906	292	0	540	900	0	0
57	25196	5654405	18310	23906	292	0	540	900	0	0
58	25197	5654410	18309	23906	292	0	540	900	0	0
59	25198	5654415	18308	23906	292	0	540	900	0	0
60	25199	5654420	18306	23906	292	0	540	900	0	0
61	25200	5654425	18305	23906	292	0	540	900	0	0
62	25201	5654430	18304	23906	280	0	540	900	0	0
63	25202	5654435	18302	23906	280	0	540	900	0	0
64	25203	5654440	18300	23906	280	0	540	900	0	0
65	25204	5654445	18298	23906	280	0	540	900	0	0
66	25205	5654450	18296	23906	272	0	540	900	0	0
67	25206	5654455	18295	23906	272	0	540	900	0	0
68	25207	5654460	18292	23904	272	0	540	900	0	0
69	25208	5654465	18290	23901	260	0	540	900	0	0
70	25209	5654470	18288	23899	260	0	540	900	0	0
71	25210	5654475	18285	23897	260	0	540	900	0	0
72	25211	5654480	18281	23893	252	0	540	900	0	0
73	25212	5654485	18279	23891	252	0	540	900	0	0
74	25213	5654490	18277	23888	252	0	550	900	0	0
75	25214	5654495	18275	23886	240	0	550	900	0	0
76	25215	5654500	18273	23884	240	0	550	900	0	0
77	25216	5654505	18272	23883	240	0	550	900	0	0
78	25217	5654510	18270	23882	232	0	550	900	0	0
79	25218	5654515	18269	23882	232	0	550	900	0	0
80	25219	5654520	18267	23881	232	0	550	900	0	0
81	25220	5654525	18266	23881	232	0	550	900	0	0
82	25221	5654530	18266	23881	232	0	550	900	0	0
83	25222	5654535	18266	23881	232	0	550	900	0	0
84	25223	5654540	18265	23881	232	0	550	900	0	0
85	25224	5654545	18265	23881	232	0	550	900	0	0
86	25225	5654550	18265	23881	232	0	550	900	0	0
87	25226	5654555	18265	23881	240	0	550	900	0	0
88	25227	5654560	18265	23883	240	0	550	900	0	0
89	25228	5654565	18265	23889	240	0	550	900	0	0
90	25229	5654570	18265	23894	240	0	550	900	0	0
91	25230	5654575	18265	23900	240	0	550	900	0	0
92	25231	5654580	18265	23906	240	0	550	900	0	0
93	25232	5654585	18265	23912	240	0	550	900	0	0
94	25233	5654590	18265	23919	240	0	550	900	0	0
95	25234	5654595	18265	23925	240	0	550	900	0	0
96	25235	5654600	18265	23932	240	0	550	900	0	0
97	25236	5654605	18265	23938	232	0	550	900	0	0
98	25237	5654610	18265	23945	232	0	550	900	0	0
99	25238	5654615	18265	23952	232	0	550	900	0	0
100	25239	5654620	18265	23959	232	0	550	900	0	0
101	25240	5654625	18265	23970	232	0	550	900	0	0
102	25241	5654630	18265	23973	232	0	550	900	0	0
103	25242	5654635	18265	23980	232	0	550	900	0	0
104	25243	5654640	18265	23987	232	0	550	900	0	0
105	25244	5654645	18265	23993	232	0	550	900	0	0
106	25245	5654650	18265	23999	232	0	550	900	0	0
107	25246	5654655	18265	24004	232	0	560	900	0	0
108	25247	5654660	18265	24009	232	0	560	900	0	0
109	25248	5654665	18265	24013	232	0	560	900	0	0
110	25249	5654670	18265	24016	220	0	560	900	0	0
111	25250	5654675	18265	24019	220	0	560	900	0	0
112	25251	5654680	18265	24020	220	0	560	900	0	0
113	25252	5654685	18265	24021	212	0	560	900	0	0
114	25253	5654690	18265	24021	212	0	560	900	0	0
115	25254	5654695	18265	24021	200	0	560	900	0	0
116	25255	5654700	18265	24021	200	0	560	900	0	0
117	25256	5654705	18265	24021	188	0	560	900	0	0
118	25257	5654710	18265	24021	180	0	570	900	0	0
119	25258	5654715	18265	24021	180	0	570	900	0	0
120	25259	5654720	18265	24021	168	0	570	900	0	0
121	25260	5654725	18265	24021	168	0	570	900	0	0
122	25261	5654730	18265	24021	168	0	570	900	0	0
123	25262	5654735	18265	24021	168	0	570	900	0	0
124	25263	5654740	18265	24021	168	0	570	900	0	0
125	25264	5654745	18265	24021	168	0	570	900	0	0
126	25265	5654750	18265	24021	168	0	570	900	0	0
127	25266	5654755	18265	24021	180	0	570	900	0	0
128	25267	5654760	18265	24021	180	0	570	900	0	0
129	25268	5654765	18265	24026	188	0	570	900	0	0
130	25269	5654770	18265	24030	188	0	570	900	0	0
131	25270	5654775	18265	24035	200	0	570	900	0	0
132	25271	5654780	18265	24040	212	0	570	900	0	0
133	25272	5654785	18265	24045	212	0	570	900	0	0
134	25273	5654790	18265	24046	220	0	570	900	0	0
135	25274	5654795	18265	24050	220	0	570	900	0	0
136	25275	5654800	18265	24054	220	0	570	900	0	0
137	25276	5654805	18265	24057	220	0	570	900	0	0
138	25277	5654810	18265	24059	232	0	570	900	0	0
139	25278	5654815	18265	24061	232	0	570	900	0	0
140	25279	5654820	18265	24062	232	0	570	900	0	0
141	25280	5654825	18265	24062	220	0	570	900	0	0
142	25281	5654830	18265	24062	220	0	570	900	0	0
143	25282	5654835	18265	24062	220	0	570	900	0	0
144	25283	5654840	18265	24062	220	0	570	900	0	0
145	25284	5654845	18265	24062	212	0	570	900	0	0
146	25285	5654850	18265	24062	212	0	570	900	0	0
147	25286	5654855	18265	24062	212	0	570	900	0	0
148	25287	5654860	18265	24062	212	0	570	900	0	0
149	25288	5654865	18265	24062	212	0	570	900	0	0
150	25289	5654870	18265	24060	212	0	560	900	0	0
151	25290	5654875	18265	24058	212	0	560	900	0	0
152	25291	5654880	18265	24057	212	0	560	900	0	0
153	25292	5654885	18265	24057	212	0	560	900	0	0
154	25293	5654890	18265	24057	212	0	560	900	0	0
155	25294	5654895	18265	24057	212	0	560	900	0	0
156	25295	5654900	18265	24057	220	0	560	900	0	0
157	25296	5654905	18265	24057	220	0	560	900	0	0
158	25297	5654910	18265	24057	220	0	560	900	0	0
159	25298	5654915	18265	24057	220	0	560	900	0	0
160	25299	5654920	18265	24057	232	0	560	900	0	0
161	25300	5654925	18265	24057	232	0	560	900	0	0
162	25301	5654930	18265	24057	232	0	560	900	0	0
163	25302	5654935	18265	24057	232	0	560	900	0	0
164	25303	5654940	18265	24057	232	0	550	900	0	0
165	25304	5654945	18265	24058	232	0	550	900	0	0
166	25305	5654950	18265	24060	232	0	550	900	0	0
167	25306	5654955	18265	24060	232	0	550	900	0	0
168	25307	5654960	18265	24061	232	0	550	900	0	0
169	25308	5654965	18265	24061	232	0	550	900	0	0
170	25309	5654970	18265	24062	232	0	550	900	0	0
171	25310	5654975	18265	24062	232	0	550	900	0	0
172	25311	5654980	18265	24062	232	0	550	900	0	0
173	25312	5654985	18265	24062	232	0	550	900	0	0
174	25313	5654990	18265	24062	232	0	550	900	0	0
175	25314	5654995	18265	24062	232	0	550	900	0	0
176	25315	5655000	18265	24062	232	0	550	900	0	0
177	25316	5655005	18265	24062	232	0	550	900	0	0
178	25317	5655010	18265	24062	220	0	550	900	0	0
179	25318	5655015	18265	24062	220	0	550	900	0	0
180	25319	5655020	18265	24062	220	0	550	900	0	0
181	25320	5655025	18265	24062	220	0	550	900	0	0
182	25321	5655030	18265	24062	212	0	550	900	0	0
183	25322	5655035	18264	24062	212	0	560	900	0	0
184	25323	5655040	18264	24062	200	0	560	900	0	0
185	25324	5655045	18263	24062	200	0	560	900	0	0
186	25325	5655050	18263	24062	188	0	560	900	0	0
187	25326	5655055	18263	24062	188	0	560	900	0	0
188	25327	5655060	18262	24062	188	0	560	900	0	0
189	25328	5655065	18262	24062	180	0	570	900	0	0
190	25329	5655070	18261	24062	180	0	570	900	0	0
191	25330	5655075	18261	24062	180	0	570	900	0	0
192	25331	5655080	18261	24062	168	0	570	900	0	0
193	25332	5655085	18261	24062	168	0	580	900	0	0
194	25333	5655090	18261	24062	168	0	580	900	0	0
195	25334	5655095	18261	24062	160	0	580	900	0	0
196	25335	5655100	18261	24062	160	0	590	900	0	0
197	25336	5655105	18261	24061	160	0	590	900	0	0
198	25337	5655110	18261	24059	148	0	600	900	0	0
199	25338	5655115	18261	24057	148	0	600	900	0	0
200	25339	5655120	18261	24055	140	0	600	900	0	0
201	25340	5655125	18261	24052	140	0	600	900	0	0
202	25341	5655130	18261	24050	128	0	610	880	0	0
203	25342	5655135	18261	24047	128	0	610	880	0	0
204	25343	5655140	18261	24044	120	0	610	880	0	0
205	25344	5655145	18261	24041	120	0	610	880	0	0
206	25345	5655150	18261	24039	108	0	610	880	0	0
207	25346	5655155	18261	24037	108	0	610	880	0	0
208	25347	5655160	18261	24035	108	0	610	880	0	0
209	25348	5655165	18260	24034	100	0	620	880	0	0
210	25349	5655170	18260	24032	100	0	620	880	0	0
211	25350	5655175	18260	24031	100	0	620	880	0	0
212	25351	5655180	18259	24030	88	0	620	860	0	0
213	25352	5655185	18259	24030	88	0	620	860	0	0
214	25353	5655190	18259	24030	88	0	620	860	0	0
215	25354	5655195	18258	24030	88	0	620	860	0	0
216	25355	5655200	18258	24030	88	0	620	860	0	0
217	25356	5655205	18258	24030	88	0	620	860	0	0
218	25357	5655210	18258	24030	88	0	620	860	0	0
219	25358	5655215	18258	24030	88	0	620	860	0	0
220	25359	5655220	18257	24030	88	0	620	860	0	0
221	25360	5655225	18257	24030	88	0	620	860	0	0
222	25361	5655230	18256	24030	88	0	620	860	0	0
223	25362	5655235	18256	24030	100	0	620	860	0	0
224	25363	5655240	18256	24030	100	0	620	860	0	0
225	25364	5655245	18256	24030	100	0	620	860	0	0
226	25365	5655250	18256	24030	100	0	620	860	0	0
227	25366	5655255	18255	24034	100	0	620	860	0	0
228	25367	5655260	18255	24041	108	0	620	860	0	0
229	25368	5655265	18254	24043	108	0	620	860	0	0
230	25369	5655270	18254	24048	108	0	620	860	0	0
231	25370	5655275	18253	24053	108	0	620	860	0	0
232	25371	5655279	18253	24058	108	0	620	860	0	0
233	25372	5655284	18253	24063	100	0	620	860	0	0
234	25373	5655289	18252	24068	100	0	620	860	0	0
235	25374	5655294	18252	24073	100	0	620	860	0	0
236	25375	5655299	18252	24078	100	0	620	860	0	0
237	25376	5655304	18252	24086	88	0	620	860	0	0
238	25377	5655309	18252	24088	88	0	620	860	0	0
239	25378	5655314	18252	24093	88	0	620	860	0	0
240	25379	5655319	18252	24097	88	0	620	860	0	0
241	25380	5655324	18252	24101	88	0	620	860	0	0
242	25381	5655329	18252	24105	88	0	620	860	0	0
243	25382	5655334	18252	24111	80	0	620	860	0	0
244	25383	5655339	18252	24115	80	0	620	860	0	0
245	25384	5655344	18252	24118	80	0	620	860	0	0
246	25385	5655349	18252	24121	80	0	620	860	0	0
247	25386	5655354	18252	24124	80	0	620	860	0	0
248	25387	5655359	18252	24127	80	0	620	860	0	0
249	25388	5655364	18252	24130	68	0	620	860	0	0
250	25389	5655369	18252	24132	68	0	620	860	0	0
251	25390	5655374	18252	24134	68	0	620	860	0	0
252	25391	5655379	18252	24136	68	0	620	860	0	0
253	25392	5655384	18252	24137	68	0	620	860	0	0
254	25393	5655389	18252	24138	68	0	620	860	0	0
255	25394	5655394	18252	24139	68	0	620	860	0	0
256	25395	5655399	18252	24140	68	0	620	860	0	0
257	25396	5655404	18252	24140	68	0	620	860	0	0
258	25397	5655409	18252	24140	68	0	620	860	0	0
259	25398	5655414	18252	24141	68	0	620	860	0	0
260	25399	5655419	18252	24141	68	0	620	860	0	0
261	25400	5655424	18252	24142	80	0	620	860	0	0
262	25401	5655429	18252	24143	80	0	620	840	0	0
263	25402	5655434	18252	24145	80	0	620	840	0	0
264	25403	5655439	18252	24147	80	0	620	840	0	0
265	25404	5655444	18252	24150	80	0	620	840	0	0
266	25405	5655449	18252	24156	88	0	620	840	0	0
267	25406	5655454	18250	24158	88	0	620	840	0	0
268	25407	5655459	18249	24166	100	0	620	840	0	0
269	25408	5655464	18247	24172	100	0	620	840	0	0
270	25409	5655469	18246	24175	100	0	620	840	0	0
271	25410	5655474	18244	24179	100	0	620	840	0	0
272	25411	5655479	18243	24190	100	0	620	860	0	0
273	25412	5655484	18242	24200	100	0	620	860	0	0
274	25413	5655489	18241	24209	100	0	620	860	0	0
275	25414	5655494	18240	24217	100	0	620	860	0	0
276	25415	5655499	18240	24220	100	0	620	860	0	0
277	25416	5655504	18240	24224	100	0	620	860	0	0
278	25417	5655509	18240	24231	100	0	620	860	0	0
279	25418	5655514	18240	24237	100	0	620	860	0	0
280	25419	5655519	18240	24243	108	0	620	860	0	0
281	25420	5655524	18240	24249	108	0	620	880	0	0
282	25421	5655529	18240	24254	108	0	620	880	0	0
283	25422	5655534	18240	24258	108	0	620	880	0	0
284	25423	5655539	18240	24261	108	0	620	880	0	0
285	25424	5655544	18240	24264	108	0	620	880	0	0
286	25425	5655549	18240	24267	108	0	620	880	0	0
287	25426	5655554	18240	24269	108	0	620	880	0	0
288	25427	5655559	18240	24271	108	0	620	880	0	0
289	25428	5655564	18240	24273	108	0	620	880	0	0
290	25429	5655569	18240	24275	108	0	620	880	0	0
291	25430	5655574	18240	24276	108	0	620	880	0	0
292	25431	5655579	18240	24278	108	0	620	880	0	0
293	25432	5655584	18240	24279	108	0	620	880	0	0
294	25433	5655589	18240	24280	108	0	620	880	0	0
295	25434	5655594	18240	24282	108	0	620	880	0	0
296	25435	5655599	18240	24284	108	0	620	880	0	0
297	25436	5655604	18240	24286	108	0	620	880	0	0
298	25437	5655609	18240	24289	108	0	620	880	0	0
299	25438	5655614	18240	24292	108	0	620	880	0	0
300	25439	5655619	18240	24296	120	0	620	880	0	0
301	25440	5655624	18240	24300	120	0	620	880	0	0
302	25441	5655629	18240	24305	120	0	620	880	0	0
303	25442	5655634	18240	24309	120	0	620	880	0	0
304	25443	5655639	18240	24312	128	0	620	880	0	0
305	25444	5655644	18240	24317	128	0	620	880	0	0
306	25445	5655649	18240	24325	120	0	620	880	0	0
307	25446	5655654	18240	24330	120	0	620	880	0	0
308	25447	5655659	18240	24335	120	0	610	880	0	0
309	25448	5655664	18240	24343	120	0	610	880	0	0
310	25449	5655669	18240	24345	108	0	620	880	0	0
311	25450	5655674	18240	24349	108	0	620	880	0	0
312	25451	5655679	18240	24353	108	0	620	860	0	0
313	25452	5655684	18240	24357	108	0	620	860	0	0
314	25453	5655689	18241	24360	108	0	620	860	0	0
315	25454	5655694	18242	24363	108	0	620	840	0	0
316	25455	5655699	18243	24367	108	0	620	840	0	0
317	25456	5655704	18244	24368	100	0	620	830	0	0
318	25457	5655709	18245	24370	100	0	620	830	0	0
319	25458	5655714	18246	24371	100	0	620	830	0	0
320	25459	5655719	18247	24371	100	0	620	810	0	0
321	25460	5655724	18248	24372	88	0	620	810	0	0
322	25461	5655729	18248	24372	88	0	620	790	0	0
323	25462	5655734	18249	24372	88	0	620	790	0	0
324	25463	5655739	18250	24372	88	0	620	790	0	0
325	25464	5655744	18250	24372	88	0	620	790	0	0
326	25465	5655749	18250	24372	88	0	610	770	0	0
327	25466	5655754	18251	24372	88	0	610	770	0	0
328	25467	5655759	18251	24372	88	0	610	770	0	0
329	25468	5655764	18251	24372	88	0	610	770	0	0
330	25469	5655769	18252	24372	88	0	610	770	0	0
331	25470	5655774	18252	24372	88	0	610	770	0	0
332	25471	5655779	18252	24373	88	0	610	770	0	0
333	25472	5655784	18252	24374	100	0	610	770	0	0
334	25473	5655789	18252	24375	100	0	610	770	0	0
335	25474	5655794	18252	24376	100	0	610	770	0	0
336	25475	5655799	18253	24377	108	0	610	770	0	0
337	25476	5655804	18254	24378	108	0	610	770	0	0
338	25477	5655809	18254	24379	108	0	610	770	0	0
339	25478	5655814	18255	24380	108	0	610	770	0	0
340	25479	5655819	18256	24380	108	0	610	770	0	0
341	25480	5655824	18257	24381	108	0	610	770	0	0
342	25481	5655829	18257	24381	108	0	610	770	0	0
343	25482	5655834	18258	24381	108	0	610	770	0	0
344	25483	5655839	18259	24382	108	0	620	760	0	0
345	25484	5655844	18260	24382	100	0	620	760	0	0
346	25485	5655849	18260	24383	100	0	620	760	0	0
347	25486	5655854	18261	24383	100	0	620	760	0	0
348	25487	5655859	18261	24383	100	0	620	760	0	0
349	25488	5655864	18261	24384	100	0	620	760	0	0
350	25489	5655869	18261	24384	100	0	620	760	0	0
351	25490	5655874	18261	24384	100	0	620	760	0	0
352	25491	5655879	18261	24384	100	0	620	760	0	0
353	25492	5655884	18261	24384	108	0	620	760	0	0
354	25493	5655889	18261	24384	108	0	620	760	0	0
355	25494	5655894	18262	24384	108	0	620	760	0	0
356	25495	5655899	18262	24384	108	0	620	760	0	0
357	25496	5655904	18262	24384	108	0	620	760	0	0
358	25497	5655909	18262	24384	108	0	620	760	0	0
359	25498	5655914	18262	24384	108	0	620	760	0	0
360	25499	5655919	18262	24384	100	0	620	760	0	0
361	25500	5655924	18262	24384	100	0	620	760	0	0
362	25501	5655929	18262	24384	100	0	620	760	0	0
363	25502	5655934	18262	24384	100	0	620	760	0	0
364	25503	5655939	18262	24384	88	0	620	760	0	0
365	25504	5655944	18262	24384	88	0	620	760	0	0
366	25505	5655949	18262	24384	80	0	620	760	0	0
367	25506	5655954	18262	24384	80	0	620	760	0	0
368	25507	5655959	18262	24384	80	0	620	760	0	0
369	25508	5655964	18262	24384	68	0	620	760	0	0
370	25509	5655969	18262	24384	68	0	620	760	0	0
371	25510	5655974	18262	24384	68	0	620	760	0	0
372	25511	5655979	18262	24384	68	0	620	760	0	0
373	25512	5655984	18262	24384	68	0	620	760	0	0
374	25513	5655989	18262	24382	80	0	620	760	0	0
375	25514	5655994	18262	24380	80	0	620	760	0	0
376	25515	5655999	18262	24377	80	0	620	760	0	0
377	25516	5656004	18262	24375	88	0	620	760	0	0
378	25517	5656009	18262	24373	88	0	620	760	0	0
379	25518	5656014	18262	24370	88	0	620	760	0	0
380	25519	5656019	18262	24368	100	0	620	760	0	0
381	25520	5656024	18262	24365	100	0	620	760	0	0
382	25521	5656029	18262	24362	108	0	620	760	0	0
383	25522	5656034	18262	24359	108	0	630	780	0	0
384	25523	5656039	18262	24357	108	0	630	780	0	0
385	25524	5656044	18262	24354	108	0	630	780	0	0
386	25525	5656049	18262	24351	108	0	630	780	0	0
387	25526	5656054	18262	24349	108	0	630	800	0	0
388	25527	5656059	18262	24345	108	0	630	800	0	0
389	25528	5656064	18262	24343	108	0	630	800	0	0
390	25529	5656069	18262	24340	108	0	630	820	0	0
391	25530	5656074	18262	24337	108	0	630	820	0	0
392	25531	5656079	18262	24334	108	0	620	840	0	0
393	25532	5656084	18262	24331	108	0	620	840	0	0
394	25533	5656089	18262	24329	108	0	620	840	0	0
395	25534	5656094	18262	24326	108	0	620	860	0	0
396	25535	5656099	18262	24323	108	0	620	860	0	0
397	25536	5656104	18261	24320	108	0	620	880	0	0
398	25537	5656109	18260	24319	108	0	620	880	0	0
399	25538	5656114	18260	24317	108	0	620	880	0	0
400	25539	5656119	18259	24316	108	0	620	880	0	0
401	25540	5656124	18259	24315	108	0	620	880	0	0
402	25541	5656129	18259	24315	108	0	620	880	0	0
403	25542	5656134	18259	24315	108	0	620	880	0	0
404	25543	5656139	18259	24315	108	0	620	880	0	0
405	25544	5656144	18258	24315	100	0	620	880	0	0
406	25545	5656149	18258	24315	100	0	620	880	0	0
407	25546	5656154	18258	24315	100	0	620	880	0	0
408	25547	5656159	18258	24315	100	0	620	880	0	0
409	25548	5656164	18257	24315	100	0	620	880	0	0
410	25549	5656169	18256	24315	100	0	620	880	0	0
411	25550	5656174	18255	24315	100	0	620	880	0	0
412	25551	5656179	18254	24315	100	0	620	880	0	0
413	25552	5656184	18253	24315	108	0	620	880	0	0
414	25553	5656189	18252	24313	108	0	620	880	0	0
415	25554	5656194	18251	24312	108	0	620	880	0	0
416	25555	5656199	18250	24310	108	0	620	880	0	0
417	25556	5656204	18248	24308	108	0	620	880	0	0
418	25557	5656209	18247	24307	108	0	620	880	0	0
419	25558	5656214	18246	24304	108	0	620	880	0	0
420	25559	5656219	18245	24302	108	0	620	880	0	0
421	25560	5656224	18243	24298	108	0	620	880	0	0
422	25561	5656229	18242	24295	108	0	620	880	0	0
423	25562	5656234	18241	24291	108	0	620	880	0	0
424	25563	5656239	18239	24287	108	0	620	880	0	0
425	25564	5656244	18237	24283	108	0	620	880	0	0
426	25565	5656249	18236	24279	108	0	620	880	0	0
427	25566	5656254	18234	24274	108	0	620	880	0	0
428	25567	5656259	18232	24269	108	0	620	880	0	0
429	25568	5656264	18230	24264	108	0	620	880	0	0
430	25569	5656269	18229	24260	108	0	620	880	0	0
431	25570	5656274	18227	24255	108	0	620	860	0	0
432	25571	5656279	18225	24251	108	0	620	860	0	0
433	25572	5656284	18223	24247	108	0	620	860	0	0
434	25573	5656289	18221	24244	108	0	620	860	0	0
435	25574	5656294	18219	24240	120	0	620	860	0	0
436	25575	5656299	18217	24236	120	0	620	860	0	0
437	25576	5656304	18214	24232	120	0	620	840	0	0
438	25577	5656309	18213	24229	120	0	620	840	0	0
439	25578	5656314	18210	24225	120	0	620	840	0	0
440	25579	5656319	18208	24221	120	0	620	840	0	0
441	25580	5656324	18207	24217	120	0	620	840	0	0
442	25581	5656329	18205	24213	120	0	620	840	0	0
443	25582	5656334	18202	24209	120	0	620	840	0	0
444	25583	5656339	18201	24205	120	0	620	840	0	0
445	25584	5656344	18199	24200	120	0	620	840	0	0
446	25585	5656349	18197	24195	120	0	620	840	0	0
447	25586	5656354	18195	24190	120	0	620	840	0	0
448	25587	5656359	18193	24185	120	0	620	840	0	0
449	25588	5656364	18192	24176	108	0	620	840	0	0
450	25589	5656369	18189	24166	108	0	620	840	0	0
451	25590	5656374	18187	24159	108	0	620	840	0	0
452	25591	5656379	18185	24154	108	0	620	840	0	0
453	25592	5656384	18182	24142	108	0	620	860	0	0
454	25593	5656389	18180	24137	108	0	620	860	0	0
455	25594	5656394	18177	24123	108	0	620	860	0	0
456	25595	5656399	18173	24113	108	0	620	860	0	0
457	25596	5656404	18170	24103	120	0	620	860	0	0
458	25597	5656409	18167	24092	120	0	620	860	0	0
459	25598	5656414	18163	24081	120	0	620	860	0	0
460	25599	5656419	18160	24070	120	0	620	860	0	0
461	25600	5656424	18156	24058	120	0	610	880	0	0
462	25601	5656429	18150	24053	120	0	610	880	0	0
463	25602	5656434	18148	24036	120	0	610	880	0	0
464	25603	5656439	18145	24025	120	0	610	880	0	0
465	25604	5656444	18141	24014	108	0	610	880	0	0
466	25605	5656449	18135	24004	108	0	610	880	0	0
467	25606	5656454	18133	23994	108	0	610	880	0	0
468	25607	5656459	18128	23985	108	0	610	880	0	0
469	25608	5656464	18124	23981	108	0	620	880	0	0
470	25609	5656469	18119	23978	108	0	620	880	0	0
471	25610	5656474	18116	23970	100	0	620	880	0	0
472	25611	5656479	18112	23963	100	0	620	860	0	0
473	25612	5656484	18108	23956	100	0	630	860	0	0
474	25613	5656489	18104	23950	100	0	630	860	0	0
475	25614	5656494	18100	23945	88	0	630	860	0	0
476	25615	5656499	18097	23940	88	0	640	860	0	0
477	25616	5656504	18092	23933	80	0	650	840	0	0
478	25617	5656509	18089	23928	80	0	650	840	0	0
479	25618	5656514	18084	23923	80	0	660	830	0	0
480	25619	5656519	18082	23916	68	0	660	830	0	0
481	25620	5656524	18078	23912	68	0	670	830	0	0
482	25621	5656529	18074	23902	60	0	670	830	0	0
483	25622	5656534	18068	23895	60	0	680	800	0	0
484	25623	5656539	18063	23887	48	0	680	800	0	0
485	25624	5656544	18060	23879	48	0	690	800	0	0
486	25625	5656549	18055	23875	48	0	690	800	0	0
487	25626	5656554	18047	23862	40	0	700	790	0	0
488	25627	5656559	18042	23854	40	0	700	790	0	0
489	25628	5656564	18037	23846	40	0	700	790	0	0
490	25629	5656569	18033	23839	40	0	700	790	0	0
491	25630	5656574	18029	23832	40	0	690	760	0	0
492	25631	5656579	18026	23826	28	0	690	760	0	0
493	25632	5656584	18022	23820	28	0	690	760	0	0
494	25633	5656589	18019	23815	28	0	690	760	0	0
495	25634	5656594	18015	23810	28	0	690	770	0	0
496	25635	5656599	18012	23805	28	0	690	770	0	0
497	25636	5656604	18009	23800	28	0	690	770	0	0
498	25637	5656609	18006	23795	28	0	690	770	0	0
499	25638	5656614	18003	23790	28	0	690	770	0	0
500	25639	5656619	18001	23784	28	0	690	770	0	0
501	25640	5656624	17998	23779	28	0	690	770	0	0
502	25641	5656629	17997	23774	28	0	690	770	0	0
503	25642	5656634	17995	23769	20	0	690	770	0	0
504	25643	5656639	17993	23765	20	0	690	770	0	0
505	25644	5656644	17991	23760	20	0	680	780	0	0
506	25645	5656649	17990	23755	8	0	670	750	0	0
507	25646	5656654	17988	23751	8	0	670	750	0	0
508	25647	5656659	17986	23747	0	0	670	750	0	0
509	25648	5656664	17985	23743	0	0	670	750	0	0
510	25649	5656669	17983	23739	0	0	670	750	0	0
511	25650	5656674	17981	23737	0	0	670	750	0	0
512	25651	5656679	17980	23733	0	0	670	750	0	0
513	25652	5656684	17979	23731	0	0	670	750	0	0
514	25653	5656689	17977	23729	0	0	670	750	0	0
515	25654	5656694	17977	23728	0	0	670	750	0	0
516	25655	5656699	17976	23727	0	0	670	750	0	0
517	25656	5656704	17975	23727	0	0	670	750	0	0
518	25657	5656709	17974	23726	0	0	670	750	0	0
519	25658	5656714	17973	23726	0	0	670	750	0	0
520	25659	5656719	17973	23726	0	0	670	750	0	0
521	25660	5656724	17972	23726	0	0	670	750	0	0
522	25661	5656729	17971	23726	0	0	670	750	0	0
523	25662	5656734	17970	23726	0	0	670	750	0	0
524	25663	5656739	17969	23726	0	0	670	750	0	0
525	25664	5656744	17968	23726	0	0	670	750	0	0
526	25665	5656749	17967	23726	0	0	670	750	0	0
527	25666	5656754	17966	23726	0	0	670	750	0	0
528	25667	5656759	17966	23726	0	0	670	750	0	0
529	25668	5656764	17965	23726	0	0	670	750	0	0
530	25669	5656769	17964	23725	0	0	670	750	0	0
531	25670	5656774	17963	23725	0	0	670	750	0	0
532	25671	5656779	17963	23723	0	0	670	750	0	0
533	25672	5656784	17963	23722	0	0	670	750	0	0
534	25673	5656789	17962	23721	0	0	670	750	0	0
535	25674	5656794	17962	23721	0	0	670	750	0	0
536	25675	5656799	17962	23719	0	0	670	750	0	0
537	25676	5656804	17961	23718	0	0	670	750	0	0
538	25677	5656809	17961	23717	0	0	670	750	0	0
539	25678	5656814	17961	23716	0	0	670	750	0	0
540	25679	5656819	17960	23716	0	0	670	750	0	0
541	25680	5656824	17960	23715	0	0	670	750	0	0
542	25681	5656829	17960	23715	0	0	670	750	0	0
543	25682	5656834	17960	23714	0	0	670	750	0	0
544	25683	5656839	17959	23713	0	0	670	750	0	0
545	25684	5656856	17959	23712	0	0	670	750	0	0
546	25685	5656861	17958	23712	0	3	670	750	0	0
547	25686	5656866	17958	23710	0	6	670	750	0	0
548	25687	5656871	17958	23710	0	10	670	750	0	0
549	25688	5656876	17957	23709	0	14	670	750	0	0
550	25689	5656881	17956	23708	0	19	670	750	0	0
551	25690	5656886	17956	23707	0	25	670	750	0	0
552	25691	5656891	17955	23705	0	32	670	750	0	0
553	25692	5656896	17955	23705	0	38	670	750	0	0
554	25693	5656901	17955	23704	0	45	670	750	0	0
555	25694	5656906	17955	23703	0	53	670	750	0	0
556	25695	5656911	17954	23702	0	58	670	750	0	0
557	25696	5656916	17954	23701	0	62	670	750	0	0
558	25697	5656921	17954	23701	0	66	670	750	0	0
559	25698	5656926	17954	23700	0	69	670	750	0	0
560	25699	5656931	17954	23700	0	71	670	750	0	0
561	25700	5656936	17954	23699	0	73	670	750	0	0
562	25701	5656941	17953	23699	0	75	670	750	0	0
563	25702	5656946	17953	23698	0	77	670	750	0	0
564	25703	5656951	17953	23698	0	80	670	750	0	0
565	25704	5656956	17953	23698	0	83	670	750	0	0
566	25705	5656961	17953	23698	0	87	670	750	0	0
567	25706	5656966	17953	23698	0	92	670	750	0	0
568	25707	5656971	17953	23698	0	96	670	750	0	0
569	25708	5656976	17953	23698	0	102	670	750	0	0
570	25709	5656981	17953	23698	0	108	670	750	0	0
571	25710	5656986	17953	23698	0	114	670	750	0	0
572	25711	5656991	17953	23698	0	120	670	750	0	0
573	25712	5656996	17953	23698	0	125	670	750	0	0
574	25713	5657001	17953	23698	0	128	670	750	0	0
575	25714	5657006	17953	23698	0	133	670	750	0	0
576	25715	5657011	17953	23698	0	139	670	750	0	0
577	25716	5657016	17953	23698	0	144	670	750	0	0
578	25717	5657021	17953	23698	0	149	670	750	0	0
579	25718	5657026	17953	23698	0	155	670	750	0	0
580	25719	5657031	17953	23698	0	163	670	750	0	0
581	25720	5657036	17953	23698	0	170	670	750	0	0
582	25721	5657041	17953	23698	0	174	670	750	0	0
583	25722	5657046	17953	23698	0	177	670	750	0	0
584	25723	5657051	17954	23698	0	180	670	750	0	0
585	25724	5657056	17955	23698	0	182	670	750	0	0
586	25725	5657061	17956	23698	0	182	670	750	0	0
587	25726	5657066	17957	23698	0	182	670	750	0	0
588	25727	5657071	17958	23698	0	183	670	750	0	0
589	25728	5657076	17959	23698	0	185	670	750	0	0
590	25729	5657081	17960	23698	0	185	670	750	0	0
591	25730	5657086	17961	23698	0	186	670	750	0	0
592	25731	5657091	17962	23698	0	186	670	750	0	0
593	25732	5657096	17964	23698	0	185	670	750	0	0
594	25733	5657101	17964	23698	0	184	670	750	0	0
595	25734	5657106	17965	23698	0	183	670	750	0	0
596	25735	5657111	17967	23698	0	183	670	750	0	0
597	25736	5657116	17969	23698	0	183	670	750	0	0
598	25737	5657121	17970	23698	0	182	670	750	0	0
599	25738	5657126	17971	23698	0	182	670	750	0	0
600	25739	5657131	17972	23698	0	183	670	750	0	0
601	25740	5657136	17974	23698	0	183	670	750	0	0
602	25741	5657141	17975	23698	0	184	670	750	0	0
603	25742	5657146	17977	23698	0	184	670	750	0	0
604	25743	5657151	17978	23698	0	188	670	750	0	0
605	25744	5657156	17979	23698	0	190	670	750	0	0
606	25745	5657161	17981	23698	0	193	680	780	0	0
607	25746	5657166	17982	23698	0	196	680	780	0	0
608	25747	5657171	17984	23698	0	201	680	780	0	0
609	25748	5657176	17986	23700	0	206	680	780	0	0
610	25749	5657181	17987	23702	0	211	680	780	0	0
611	25750	5657186	17989	23704	0	216	680	780	0	0
612	25751	5657191	17991	23706	0	218	680	780	0	0
613	25752	5657196	17993	23708	0	219	680	780	0	0
614	25753	5657201	17996	23712	0	220	680	780	0	0
615	25754	5657206	18000	23716	0	221	680	780	0	0
616	25755	5657211	18006	23722	0	223	680	780	0	0
617	25756	5657216	18012	23729	0	225	680	780	0	0
618	25757	5657221	18019	23737	0	228	690	770	0	0
619	25758	5657226	18027	23746	0	230	690	770	0	0
620	25759	5657231	18035	23755	0	234	690	770	0	0
621	25760	5657236	18043	23765	0	232	690	770	0	0
622	25761	5657241	18051	23774	0	230	690	770	0	0
623	25762	5657246	18058	23783	0	229	690	770	0	0
624	25763	5657251	18064	23790	0	228	690	770	0	0
625	25764	5657256	18069	23796	0	227	690	770	0	0
626	25765	5657261	18073	23802	0	227	690	770	0	0
627	25766	5657266	18076	23807	0	226	690	770	0	0
628	25767	5657271	18079	23811	0	227	690	770	0	0
629	25768	5657276	18082	23814	0	228	690	770	0	0
630	25769	5657281	18084	23818	0	228	690	760	0	0
631	25770	5657286	18086	23821	0	229	690	760	0	0
632	25771	5657291	18088	23824	0	230	690	760	0	0
633	25772	5657296	18090	23827	0	232	690	760	0	0
634	25773	5657301	18093	23831	0	234	690	760	0	0
635	25774	5657306	18095	23834	0	235	690	760	0	0
636	25775	5657311	18097	23838	0	236	690	760	0	0
637	25776	5657316	18099	23841	0	236	690	760	0	0
638	25777	5657321	18101	23844	0	236	700	790	0	0
639	25778	5657326	18103	23848	0	236	700	790	0	0
640	25779	5657331	18105	23852	0	237	700	790	0	0
641	25780	5657336	18107	23856	0	238	700	790	0	0
642	25781	5657341	18109	23859	0	238	700	790	0	0
643	25782	5657346	18111	23863	0	238	700	790	0	0
644	25783	5657351	18113	23867	0	239	700	790	0	0
645	25784	5657356	18115	23870	0	239	700	790	0	0
646	25785	5657361	18117	23874	0	238	700	790	0	0
647	25786	5657366	18120	23876	0	238	700	790	0	0
648	25787	5657371	18122	23879	0	238	700	790	0	0
649	25788	5657376	18125	23882	0	239	700	790	0	0
650	25789	5657381	18127	23884	0	238	690	800	0	0
651	25790	5657386	18130	23887	0	238	690	800	0	0
652	25791	5657391	18133	23890	0	239	690	800	0	0
653	25792	5657396	18137	23893	0	239	680	800	0	0
654	25793	5657401	18140	23897	0	238	680	800	0	0
655	25794	5657406	18142	23901	0	238	680	800	0	0
656	25795	5657411	18146	23905	0	238	670	810	0	0
657	25796	5657416	18150	23910	0	238	670	810	0	0
658	25797	5657421	18153	23914	0	237	670	810	0	0
659	25798	5657426	18156	23918	0	238	660	810	0	0
660	25799	5657431	18159	23923	0	239	660	810	0	0
661	25800	5657436	18162	23926	0	240	650	810	0	0
662	25801	5657441	18166	23930	0	240	650	810	0	0
663	25802	5657446	18169	23933	0	240	650	810	0	0
664	25803	5657451	18171	23936	0	241	650	810	0	0
665	25804	5657456	18174	23938	0	241	650	810	0	0
666	25805	5657461	18176	23941	0	241	650	810	0	0
667	25806	5657466	18178	23943	0	241	650	810	0	0
668	25807	5657471	18180	23945	0	242	650	810	0	0
669	25808	5657476	18182	23947	0	242	650	810	0	0
670	25809	5657481	18184	23949	0	242	650	810	0	0
671	25810	5657486	18186	23951	0	242	650	810	0	0
672	25811	5657491	18188	23953	0	242	650	810	0	0
673	25812	5657496	18189	23956	0	243	650	810	0	0
674	25813	5657501	18192	23958	0	243	650	810	0	0
675	25814	5657506	18194	23960	0	243	650	810	0	0
676	25815	5657511	18196	23963	0	244	650	810	0	0
677	25816	5657516	18198	23965	0	243	650	810	0	0
678	25817	5657521	18200	23967	0	242	650	810	0	0
679	25818	5657526	18202	23970	0	242	650	810	0	0
680	25819	5657531	18205	23973	0	243	650	810	0	0
681	25820	5657536	18208	23976	0	243	650	810	0	0
682	25821	5657541	18211	23979	0	242	650	810	0	0
683	25822	5657546	18215	23982	0	242	650	810	0	0
684	25823	5657551	18218	23986	0	242	650	810	0	0
685	25824	5657556	18222	23989	0	241	650	810	0	0
686	25825	5657561	18226	23992	0	240	650	810	0	0
687	25826	5657566	18230	23996	0	238	650	810	0	0
688	25827	5657571	18234	23999	0	236	650	810	0	0
689	25828	5657576	18237	24002	0	232	650	810	0	0
690	25829	5657581	18241	24005	0	229	650	810	0	0
691	25830	5657586	18244	24008	0	225	650	810	0	0
692	25831	5657591	18248	24010	0	224	650	810	0	0
693	25832	5657596	18251	24013	0	223	650	810	0	0
694	25833	5657601	18255	24016	0	221	650	810	0	0
695	25834	5657606	18258	24019	0	221	650	810	0	0
696	25835	5657611	18261	24022	0	222	650	810	0	0
697	25836	5657616	18265	24025	0	222	650	810	0	0
698	25837	5657621	18269	24028	0	222	650	810	0	0
699	25838	5657626	18272	24031	0	222	650	810	0	0
700	25839	5657631	18275	24034	0	222	650	810	0	0
701	25840	5657636	18278	24037	0	222	650	810	0	0
702	25841	5657641	18281	24039	0	222	650	810	0	0
703	25842	5657646	18284	24040	0	222	650	810	0	0
704	25843	5657651	18288	24042	0	223	650	810	0	0
705	25844	5657656	18290	24044	0	224	650	810	0	0
706	25845	5657661	18292	24045	0	224	650	810	0	0
707	25846	5657666	18294	24046	0	226	650	810	0	0
708	25847	5657671	18297	24048	0	228	650	810	0	0
709	25848	5657676	18300	24049	0	229	650	810	0	0
710	25849	5657681	18303	24051	0	229	650	810	0	0
711	25850	5657686	18305	24052	0	230	650	810	0	0
712	25851	5657691	18308	24054	0	231	650	810	0	0
713	25852	5657696	18311	24055	0	232	650	810	0	0
714	25853	5657701	18313	24056	0	232	650	810	0	0
715	25854	5657706	18316	24057	0	232	650	810	0	0
716	25855	5657711	18319	24057	0	232	650	810	0	0
717	25856	5657716	18322	24058	0	231	650	810	0	0
718	25857	5657721	18325	24060	0	229	650	790	0	0
719	25858	5657726	18328	24060	0	227	650	790	0	0
720	25859	5657731	18332	24062	0	225	650	790	0	0
721	25860	5657736	18335	24063	0	221	650	790	0	0
722	25861	5657741	18339	24065	0	218	650	790	0	0
723	25862	5657746	18343	24067	0	216	650	790	0	0
724	25863	5657751	18347	24069	0	217	660	790	0	0
725	25864	5657756	18351	24071	0	217	660	790	0	0
726	25865	5657761	18355	24072	0	217	660	790	0	0
727	25866	5657766	18359	24074	0	219	660	790	0	0
728	25867	5657771	18364	24076	0	221	660	790	0	0
729	25868	5657776	18368	24077	0	223	660	790	0	0
730	25869	5657781	18373	24079	0	224	660	790	0	0
731	25870	5657786	18378	24080	0	225	660	790	0	0
732	25871	5657791	18382	24080	0	227	660	790	0	0
733	25872	5657796	18386	24081	0	227	660	790	0	0
734	25873	5657801	18390	24082	0	227	660	790	0	0
735	25874	5657806	18394	24082	0	228	660	790	0	0
736	25875	5657811	18398	24082	0	232	660	790	0	0
737	25876	5657816	18402	24082	0	237	660	790	0	0
738	25877	5657821	18406	24082	0	240	660	790	0	0
739	25878	5657826	18410	24082	0	243	660	790	0	0
740	25879	5657831	18414	24082	0	247	660	790	0	0
741	25880	5657836	18418	24082	0	249	660	790	0	0
742	25881	5657841	18422	24082	0	251	660	790	0	0
743	25882	5657846	18426	24082	0	255	660	790	0	0
744	25883	5657851	18430	24082	0	258	660	790	0	0
745	25884	5657856	18434	24082	0	261	660	790	0	0
746	25885	5657861	18438	24082	0	261	660	790	0	0
747	25886	5657866	18441	24082	0	261	660	790	0	0
748	25887	5657871	18445	24082	0	260	650	790	0	0
749	25888	5657876	18449	24082	0	259	650	790	0	0
750	25889	5657881	18453	24082	0	259	650	790	0	0
751	25890	5657886	18457	24082	0	259	650	790	0	0
752	25891	5657891	18462	24082	0	261	650	790	0	0
753	25892	5657896	18467	24082	0	261	650	790	0	0
754	25893	5657901	18472	24082	0	260	650	790	0	0
755	25894	5657906	18477	24079	0	260	650	790	0	0
756	25895	5657911	18483	24077	0	262	650	790	0	0
757	25896	5657916	18488	24074	0	263	650	790	0	0
758	25897	5657921	18494	24071	0	263	650	790	0	0
759	25898	5657926	18500	24068	0	263	650	790	0	0
760	25899	5657931	18505	24065	0	264	650	790	0	0
761	25900	5657936	18509	24063	0	267	650	810	0	0
762	25901	5657941	18513	24060	0	269	650	810	0	0
763	25902	5657946	18518	24058	0	271	650	810	0	0
764	25903	5657951	18521	24055	0	274	650	810	0	0
765	25904	5657956	18525	24053	0	276	650	810	0	0
766	25905	5657961	18528	24051	0	277	650	810	0	0
767	25906	5657966	18531	24048	0	280	650	810	0	0
768	25907	5657971	18534	24046	0	282	650	810	0	0
769	25908	5657976	18536	24042	0	283	650	810	0	0
770	25909	5657981	18540	24039	0	284	650	810	0	0
771	25910	5657986	18543	24034	0	286	650	810	0	0
772	25911	5657991	18546	24029	0	292	650	810	0	0
773	25912	5657996	18550	24024	0	300	650	810	0	0
774	25913	5658001	18553	24017	0	307	660	810	0	0
775	25914	5658006	18556	24011	0	316	660	810	0	0
776	25915	5658011	18559	24005	0	325	660	810	0	0
777	25916	5658016	18562	23997	0	334	660	810	0	0
778	25917	5658021	18564	23988	0	340	660	810	0	0
779	25918	5658026	18566	23979	0	346	660	810	0	0
780	25919	5658031	18568	23968	0	352	660	810	0	0
781	25920	5658036	18571	23957	0	355	660	810	0	0
782	25921	5658041	18573	23944	0	357	660	810	0	0
783	25922	5658046	18576	23930	0	365	650	810	0	0
784	25923	5658051	18579	23917	0	372	650	810	0	0
785	25924	5658056	18582	23904	0	375	650	810	0	0
786	25925	5658061	18584	23891	0	375	650	810	0	0
787	25926	5658066	18587	23877	0	380	650	810	0	0
788	25927	5658071	18589	23865	0	389	650	810	0	0
789	25928	5658076	18591	23854	0	389	650	810	0	0
790	25929	5658081	18593	23845	0	387	650	810	0	0
791	25930	5658086	18593	23837	0	386	650	810	0	0
792	25931	5658091	18594	23829	0	391	650	810	0	0
793	25932	5658096	18595	23821	0	393	650	810	0	0
794	25933	5658101	18595	23815	0	393	650	790	0	0
795	25934	5658106	18595	23810	0	395	650	790	0	0
796	25935	5658111	18595	23805	0	399	650	790	0	0
797	25936	5658116	18595	23802	0	402	650	790	0	0
798	25937	5658121	18595	23798	0	405	650	790	0	0
799	25938	5658126	18595	23795	0	410	650	790	0	0
800	25939	5658131	18595	23792	0	414	650	790	0	0
801	25940	5658136	18595	23790	0	418	650	790	0	0
802	25941	5658141	18595	23787	0	420	660	790	0	0
803	25942	5658146	18595	23785	0	423	660	790	0	0
804	25943	5658151	18595	23783	0	426	660	790	0	0
805	25944	5658156	18595	23781	0	426	660	790	0	0
806	25945	5658161	18595	23778	0	425	660	790	0	0
807	25946	5658166	18595	23775	0	423	660	790	0	0
808	25947	5658171	18595	23772	0	423	650	770	0	0
809	25948	5658176	18595	23768	0	422	650	770	0	0
810	25949	5658181	18592	23765	0	419	650	770	0	0
811	25950	5658186	18589	23761	0	417	650	770	0	0
812	25951	5658191	18587	23757	0	416	650	770	0	0
813	25952	5658196	18584	23753	0	413	650	770	0	0
814	25953	5658201	18581	23748	0	410	650	770	0	0
815	25954	5658206	18579	23743	0	406	650	770	0	0
816	25955	5658211	18576	23739	0	405	650	770	0	0
817	25956	5658216	18573	23734	0	404	650	770	0	0
818	25957	5658221	18569	23731	0	402	650	770	0	0
819	25958	5658226	18566	23727	0	402	650	770	0	0
820	25959	5658231	18563	23724	0	402	650	770	0	0
821	25960	5658236	18559	23721	0	403	650	770	0	0
822	25961	5658241	18556	23718	0	402	650	770	0	0
823	25962	5658246	18553	23716	0	402	650	770	0	0
824	25963	5658251	18549	23713	0	402	650	770	0	0
825	25964	5658256	18546	23711	0	401	650	770	0	0
826	25965	5658261	18542	23708	0	400	650	770	0	0
827	25966	5658266	18539	23705	0	400	650	770	0	0
828	25967	5658271	18535	23703	0	400	650	770	0	0
829	25968	5658276	18532	23700	0	399	650	770	0	0
830	25969	5658281	18529	23698	0	397	650	770	0	0
831	25970	5658286	18526	23696	0	397	650	770	0	0
832	25971	5658291	18523	23694	0	397	650	770	0	0
833	25972	5658296	18519	23693	0	397	650	770	0	0
834	25973	5658301	18517	23692	0	395	650	770	0	0
835	25974	5658306	18515	23692	0	395	650	770	0	0
836	25975	5658311	18513	23692	0	394	650	770	0	0
837	25976	5658316	18510	23692	0	393	650	770	0	0
838	25977	5658321	18507	23692	0	392	650	770	0	0
839	25978	5658326	18504	23692	0	393	650	770	0	0
840	25979	5658331	18502	23692	0	394	650	770	0	0
841	25980	5658336	18499	23692	0	396	650	770	0	0
842	25981	5658341	18495	23692	0	396	650	770	0	0
843	25982	5658346	18491	23692	0	398	650	750	0	0
844	25983	5658351	18487	23692	0	401	650	750	0	0
845	25984	5658356	18483	23692	0	402	650	750	0	0
846	25985	5658361	18479	23692	0	401	650	750	0	0
847	25986	5658366	18474	23692	0	400	640	770	0	0
848	25987	5658371	18470	23692	0	398	640	770	0	0
849	25988	5658376	18467	23692	0	396	640	770	0	0
850	25989	5658381	18463	23692	0	392	640	770	0	0
851	25990	5658386	18460	23695	0	388	650	770	0	0
852	25991	5658391	18457	23698	0	386	650	770	0	0
853	25992	5658396	18454	23701	0	384	650	770	0	0
854	25993	5658401	18451	23704	0	380	650	770	0	0
855	25994	5658406	18448	23706	0	379	650	770	0	0
856	25995	5658411	18445	23708	0	378	650	770	0	0
857	25996	5658416	18441	23711	0	376	650	770	0	0
858	25997	5658421	18438	23714	0	373	650	770	0	0
859	25998	5658426	18435	23716	0	372	650	770	0	0
860	25999	5658431	18432	23718	0	372	650	770	0	0
861	26000	5658436	18429	23721	0	371	650	770	0	0
862	26001	5658441	18426	23723	0	370	650	770	0	0
863	26002	5658446	18423	23725	0	369	650	770	0	0
864	26003	5658451	18421	23727	0	371	650	770	0	0
865	26004	5658456	18418	23729	0	371	650	770	0	0
866	26005	5658461	18416	23732	0	369	650	770	0	0
867	26006	5658466	18414	23734	0	369	650	770	0	0
868	26007	5658471	18410	23737	0	369	650	770	0	0
869	26008	5658476	18407	23741	0	368	650	770	0	0
870	26009	5658481	18402	23747	0	367	650	770	0	0
871	26010	5658486	18398	23753	0	365	650	770	0	0
872	26011	5658491	18393	23759	0	364	650	770	0	0
873	26012	5658496	18388	23765	0	361	650	770	0	0
874	26013	5658501	18382	23771	0	353	650	770	0	0
875	26014	5658506	18377	23777	0	349	650	770	0	0
876	26015	5658511	18372	23783	0	350	650	770	0	0
877	26016	5658516	18367	23788	0	352	650	770	0	0
878	26017	5658521	18363	23793	0	350	650	770	0	0
879	26018	5658526	18359	23798	0	349	650	770	0	0
880	26019	5658531	18354	23803	0	348	650	770	0	0
881	26020	5658536	18350	23808	0	347	650	770	0	0
882	26021	5658541	18346	23813	0	346	650	770	0	0
883	26022	5658546	18343	23818	0	346	650	770	0	0
884	26023	5658551	18338	23823	0	346	650	770	0	0
885	26024	5658556	18335	23828	0	345	650	770	0	0
886	26025	5658561	18332	23832	0	345	650	770	0	0
887	26026	5658565	18330	23837	0	345	660	790	0	0
888	26027	5658570	18327	23841	0	347	660	790	0	0
889	26028	5658575	18325	23845	0	346	660	790	0	0
890	26029	5658580	18324	23848	0	344	660	790	0	0
891	26030	5658585	18323	23851	0	341	660	790	0	0
892	26031	5658590	18323	23853	0	338	660	790	0	0
893	26032	5658595	18323	23855	0	331	660	790	0	0
894	26033	5658600	18323	23856	0	322	650	790	0	0
895	26034	5658605	18323	23857	0	310	650	790	0	0
896	26035	5658610	18323	23857	0	297	650	790	0	0
897	26036	5658615	18323	23857	0	282	650	790	0	0
898	26037	5658620	18323	23857	0	264	650	790	0	0
899	26038	5658625	18323	23857	0	249	650	790	0	0
900	26039	5658630	18323	23857	0	235	650	790	0	0
901	26040	5658635	18323	23857	0	219	650	790	0	0
902	26041	5658640	18323	23857	0	204	650	790	0	0
903	26042	5658645	18326	23857	0	194	650	790	0	0
904	26043	5658650	18330	23857	0	182	650	790	0	0
905	26044	5658655	18334	23857	0	170	650	790	0	0
906	26045	5658660	18338	23857	0	158	650	790	0	0
907	26046	5658665	18344	23857	0	135	650	790	0	0
908	26047	5658670	18349	23857	0	114	650	790	0	0
909	26048	5658675	18355	23857	0	90	650	790	0	0
910	26049	5658680	18362	23857	0	66	650	790	0	0
911	26050	5658685	18369	23857	0	40	660	790	0	0
912	26051	5658690	18376	23857	0	12	660	790	0	0
913	26052	5658695	18376	23857	0	0	660	790	0	0
914	26053	5658700	18389	23857	8	0	660	790	0	0
915	26054	5658705	18393	23855	16	0	660	790	0	0
916	26055	5658710	18397	23852	28	0	660	790	0	0
917	26056	5658715	18399	23850	36	0	660	790	0	0
918	26057	5658720	18400	23849	48	0	660	790	0	0
919	26058	5658725	18401	23847	64	0	660	790	0	0
920	26059	5658730	18402	23845	84	0	640	770	0	0
921	26060	5658735	18403	23845	104	0	640	770	0	0
922	26061	5658740	18405	23845	124	0	640	770	0	0
923	26062	5658745	18406	23845	144	0	630	780	0	0
924	26063	5658750	18408	23845	160	0	630	780	0	0
925	26064	5658755	18409	23845	180	0	630	800	0	0
926	26065	5658760	18412	23845	200	0	630	800	0	0
927	26066	5658765	18415	23845	208	0	620	810	0	0
928	26067	5658770	18416	23845	228	0	620	810	0	0
929	26068	5658775	18420	23845	248	0	610	810	0	0
930	26069	5658780	18421	23845	256	0	610	810	0	0
931	26070	5658785	18424	23845	268	0	600	810	0	0
932	26071	5658790	18428	23845	276	0	600	810	0	0
933	26072	5658795	18431	23845	288	0	590	820	0	0
934	26073	5658800	18434	23845	296	0	590	830	0	0
935	26074	5658805	18435	23845	304	0	590	830	0	0
936	26075	5658810	18438	23845	304	0	580	840	0	0
937	26076	5658815	18441	23845	316	0	580	840	0	0
938	26077	5658820	18443	23845	324	0	570	840	0	0
939	26078	5658825	18445	23847	324	0	570	840	0	0
940	26079	5658830	18447	23850	336	0	570	840	0	0
941	26080	5658835	18449	23853	336	0	570	840	0	0
942	26081	5658840	18450	23856	345	0	570	840	0	0
943	26082	5658845	18452	23860	357	0	560	840	0	0
944	26083	5658850	18455	23864	365	0	560	840	0	0
945	26084	5658855	18457	23869	365	0	560	840	0	0
946	26085	5658860	18459	23874	373	0	560	840	0	0
947	26086	5658865	18461	23876	385	0	560	840	0	0
948	26087	5658870	18464	23881	385	0	550	840	0	0
949	26088	5658875	18466	23886	393	0	550	840	0	0
950	26089	5658880	18469	23891	393	0	550	840	0	0
951	26090	5658885	18472	23896	405	0	550	840	0	0
952	26091	5658890	18475	23900	405	0	550	840	0	0
953	26092	5658895	18478	23905	413	0	550	840	0	0
954	26093	5658900	18481	23910	413	0	550	860	0	0
955	26094	5658905	18485	23915	421	0	540	860	0	0
956	26095	5658910	18488	23919	421	0	540	860	0	0
957	26096	5658915	18489	23921	433	0	540	860	0	0
958	26097	5658920	18493	23925	433	0	540	860	0	0
959	26098	5658925	18495	23929	433	0	540	860	0	0
960	26099	5658930	18498	23933	433	0	540	860	0	0
961	26100	5658935	18501	23936	441	0	540	860	0	0
962	26101	5658940	18503	23939	441	0	540	870	0	0
963	26102	5658945	18506	23942	441	0	540	870	0	0
964	26103	5658950	18508	23945	441	0	530	870	0	0
965	26104	5658955	18510	23948	441	0	530	870	0	0
966	26105	5658960	18512	23951	453	0	530	870	0	0
967	26106	5658965	18514	23953	453	0	530	870	0	0
968	26107	5658970	18517	23956	461	0	530	870	0	0
969	26108	5658975	18518	23957	469	0	530	870	0	0
970	26109	5658980	18520	23960	469	0	530	870	0	0
971	26110	5658985	18522	23963	481	0	530	870	0	0
972	26111	5658990	18524	23966	489	0	530	870	0	0
973	26112	5658995	18526	23968	489	0	530	870	0	0
974	26113	5659000	18529	23971	501	0	530	870	0	0
975	26114	5659005	18531	23974	509	0	530	870	0	0
976	26115	5659010	18533	23975	517	0	530	870	0	0
977	26116	5659015	18535	23979	529	0	520	870	0	0
978	26117	5659020	18538	23982	537	0	520	870	0	0
979	26118	5659025	18541	23986	549	0	520	870	0	0
980	26119	5659030	18543	23988	557	0	520	870	0	0
981	26120	5659035	18546	23993	565	0	520	870	0	0
982	26121	5659040	18549	23998	565	0	520	870	0	0
983	26122	5659045	18553	24002	577	0	520	870	0	0
984	26123	5659050	18557	24008	585	0	510	880	0	0
985	26124	5659055	18559	24011	597	0	510	880	0	0
986	26125	5659060	18562	24016	597	0	510	880	0	0
987	26126	5659065	18566	24022	605	0	510	890	0	0
988	26127	5659070	18570	24028	605	0	510	890	0	0
989	26128	5659075	18573	24034	613	0	500	890	0	0
990	26129	5659080	18577	24040	613	0	500	890	0	0
991	26130	5659085	18581	24047	625	0	500	890	0	0
992	26131	5659090	18584	24053	625	0	500	900	0	0
993	26132	5659095	18588	24059	633	0	490	900	0	0
994	26133	5659100	18591	24066	633	0	490	900	0	0
995	26134	5659105	18591	24066	633	0	490	900	0	0
996	26134	5659105	18591	24066	633	0	490	900	0	0
997	26134	5659105	18591	24066	633	0	490	900	0	0
998	26134	5659105	18591	24066	633	0	490	900	0	0
999	26134	5659105	18591	24066	633	0	490	900	0	0
1000	26134	5659105	18591	24066	633	0	490	900	0	0
1001	26134	5659105	18591	24066	633	0	490	900	0	0
1002	26134	5659105	18591	24066	633	0	490	900	0	0
1003	26134	5659105	18591	24066	633	0	490	900	0	0
