Temps de latence : 4172 ms

N°Pt	SN	T	X	Y	Z	P	Alt	Azi	Twi	Lever
1	15245	5587053	7030	22465	469	0	360	300	0	0
2	15246	5587058	7021	22464	942	0	370	310	0	0
3	15247	5587063	7014	22464	930	0	370	310	0	0
4	15248	5587068	7007	22462	922	0	370	310	0	0
5	15249	5587073	6999	22462	922	0	370	310	0	0
6	15250	5587078	6992	22462	910	0	370	310	0	0
7	15251	5587083	6986	22463	910	0	370	320	0	0
8	15252	5587088	6981	22478	902	0	370	320	0	0
9	15253	5587093	6975	22478	890	0	370	320	0	0
10	15254	5587098	6970	22501	882	0	380	330	0	0
11	15255	5587103	6965	22524	870	0	380	330	0	0
12	15256	5587108	6960	22554	862	0	390	340	0	0
13	15257	5587113	6952	22584	842	0	390	350	0	0
14	15258	5587118	6944	22619	830	0	400	360	0	0
15	15259	5587123	6937	22656	822	0	410	370	0	0
16	15260	5587128	6929	22696	810	0	410	380	0	0
17	15261	5587133	6922	22739	802	0	420	390	0	0
18	15262	5587138	6916	22785	802	0	420	400	0	0
19	15263	5587143	6911	22835	790	0	430	420	0	0
20	15264	5587148	6907	22888	790	0	430	430	0	0
21	15265	5587153	6904	22946	782	0	440	440	0	0
22	15266	5587158	6903	23008	782	0	440	450	0	0
23	15267	5587163	6902	23075	770	0	450	470	0	0
24	15268	5587168	6902	23148	770	0	460	480	0	0
25	15269	5587173	6902	23226	762	0	470	480	0	0
26	15270	5587178	6898	23309	762	0	470	490	0	0
27	15271	5587183	6892	23397	750	0	480	500	0	0
28	15272	5587188	6887	23488	742	0	480	520	0	0
29	15273	5587193	6882	23583	730	0	490	540	0	0
30	15274	5587198	6879	23680	730	0	500	550	0	0
31	15275	5587203	6873	23778	722	0	500	560	0	0
32	15276	5587208	6871	23876	710	0	510	580	0	0
33	15277	5587213	6869	23969	702	0	520	590	0	0
34	15278	5587218	6868	24058	690	0	520	600	0	0
35	15279	5587223	6865	24141	669	0	530	620	0	0
36	15280	5587228	6864	24216	661	0	530	610	0	0
37	15281	5587233	6863	24282	641	0	540	620	0	0
38	15282	5587238	6862	24340	621	0	540	620	0	0
39	15283	5587243	6860	24387	601	0	540	610	0	0
40	15284	5587248	6859	24387	589	0	540	610	0	0
41	15285	5587253	6857	24377	569	0	540	600	0	0
42	15286	5587258	6853	24358	561	0	540	600	0	0
43	15287	5587263	6846	24336	549	0	550	570	0	0
44	15288	5587268	6834	24336	541	0	550	570	0	0
45	15289	5587273	6818	24389	529	0	540	560	0	0
46	15290	5587278	6797	24432	529	0	540	550	0	0
47	15291	5587283	6772	24456	521	0	530	530	0	0
48	15292	5587288	6772	24460	509	0	530	520	0	0
49	15293	5587293	6765	24460	501	0	520	510	0	0
50	15294	5587298	6758	24438	489	0	520	500	0	0
51	15295	5587303	6753	24394	481	0	520	500	0	0
52	15296	5587308	6749	24336	481	0	520	500	0	0
53	15297	5587313	6738	24267	469	0	520	500	0	0
54	15298	5587318	6719	24214	461	0	520	500	0	0
55	15299	5587323	6711	24159	461	0	530	500	0	0
56	15300	5587328	6698	24103	449	0	530	510	0	0
57	15301	5587333	6689	24047	441	0	540	520	0	0
58	15302	5587338	6689	23991	429	0	540	540	0	0
59	15303	5587343	6689	23935	429	0	550	550	0	0
60	15304	5587348	6689	23879	421	0	550	560	0	0
61	15305	5587353	6694	23824	421	0	560	580	0	0
62	15306	5587358	6713	23771	421	0	560	590	0	0
63	15307	5587363	6736	23719	421	0	560	590	0	0
64	15308	5587368	6762	23668	429	0	570	600	0	0
65	15309	5587373	6791	23619	429	0	580	610	0	0
66	15310	5587378	6821	23572	429	0	580	610	0	0
67	15311	5587383	6851	23528	429	0	580	630	0	0
68	15312	5587388	6870	23485	441	0	580	630	0	0
69	15313	5587393	6870	23446	441	0	580	630	0	0
70	15314	5587398	6896	23410	441	0	580	630	0	0
71	15315	5587403	6896	23376	441	0	580	600	0	0
72	15316	5587408	6896	23347	429	0	580	600	0	0
73	15317	5587413	6896	23319	429	0	580	590	0	0
74	15318	5587418	6896	23294	429	0	580	590	0	0
75	15319	5587423	6896	23272	421	0	580	590	0	0
76	15320	5587428	6909	23272	409	0	580	570	0	0
77	15321	5587433	6919	23272	409	0	580	570	0	0
78	15322	5587438	6929	23272	401	0	570	560	0	0
79	15323	5587443	6937	23272	389	0	580	540	0	0
80	15324	5587448	6949	23272	381	0	580	540	0	0
81	15325	5587453	6953	23254	361	0	580	540	0	0
82	15326	5587458	6955	23237	349	0	580	540	0	0
83	15327	5587463	6957	23222	341	0	570	530	0	0
84	15328	5587468	6959	23201	328	0	570	530	0	0
85	15329	5587473	6959	23190	320	0	570	530	0	0
86	15330	5587478	6959	23173	308	0	570	530	0	0
87	15331	5587483	6959	23164	288	0	570	530	0	0
88	15332	5587488	6959	23155	280	0	570	530	0	0
89	15333	5587493	6959	23146	280	0	570	530	0	0
90	15334	5587498	6959	23133	268	0	570	530	0	0
91	15335	5587503	6959	23128	260	0	570	530	0	0
92	15336	5587508	6959	23114	260	0	580	520	0	0
93	15337	5587513	6959	23109	260	0	580	520	0	0
94	15338	5587518	6962	23094	260	0	580	520	0	0
95	15339	5587523	6970	23077	260	0	580	520	0	0
96	15340	5587528	6982	23060	260	0	580	520	0	0
97	15341	5587533	6988	23043	260	0	580	520	0	0
98	15342	5587538	7004	23025	260	0	580	520	0	0
99	15343	5587543	7023	23006	268	0	580	520	0	0
100	15344	5587548	7046	22993	268	0	580	520	0	0
101	15345	5587553	7064	22980	280	0	590	510	0	0
102	15346	5587558	7081	22980	280	0	590	510	0	0
103	15347	5587563	7100	22976	288	0	590	510	0	0
104	15348	5587568	7120	22971	288	0	590	510	0	0
105	15349	5587573	7141	22966	300	0	590	510	0	0
106	15350	5587578	7162	22962	308	0	580	490	0	0
107	15351	5587583	7184	22958	320	0	580	490	0	0
108	15352	5587588	7207	22948	328	0	590	480	0	0
109	15353	5587593	7231	22940	328	0	590	480	0	0
110	15354	5587598	7258	22937	341	0	590	480	0	0
111	15355	5587603	7284	22929	349	0	580	460	0	0
112	15356	5587608	7313	22922	361	0	580	460	0	0
113	15357	5587613	7344	22915	369	0	580	460	0	0
114	15358	5587618	7376	22909	381	0	590	450	0	0
115	15359	5587623	7410	22908	389	0	590	450	0	0
116	15360	5587628	7444	22903	401	0	590	450	0	0
117	15361	5587633	7479	22898	409	0	580	440	0	0
118	15362	5587638	7514	22894	421	0	590	420	0	0
119	15363	5587643	7551	22892	441	0	590	420	0	0
120	15364	5587648	7587	22887	449	0	590	420	0	0
121	15365	5587653	7623	22885	469	0	590	420	0	0
122	15366	5587658	7661	22881	481	0	580	410	0	0
123	15367	5587663	7701	22877	489	0	580	410	0	0
124	15368	5587668	7743	22873	501	0	580	420	0	0
125	15369	5587673	7787	22871	509	0	570	410	0	0
126	15370	5587678	7833	22870	521	0	570	420	0	0
127	15371	5587683	7884	22869	521	0	560	440	0	0
128	15372	5587688	7938	22868	521	0	550	450	0	0
129	15373	5587693	7996	22868	521	0	550	460	0	0
130	15374	5587698	8056	22868	509	0	540	470	0	0
131	15375	5587703	8118	22868	509	0	530	470	0	0
132	15376	5587708	8182	22868	501	0	520	490	0	0
133	15377	5587713	8248	22868	501	0	520	500	0	0
134	15378	5587718	8315	22868	489	0	510	510	0	0
135	15379	5587723	8382	22868	481	0	510	530	0	0
136	15380	5587728	8449	22878	481	0	500	540	0	0
137	15381	5587733	8519	22891	469	0	500	540	0	0
138	15382	5587738	8591	22908	461	0	500	540	0	0
139	15383	5587743	8665	22928	461	0	500	540	0	0
140	15384	5587748	8741	22951	449	0	500	540	0	0
141	15385	5587753	8818	22976	449	0	510	550	0	0
142	15386	5587758	8896	23002	441	0	510	540	0	0
143	15387	5587763	8974	23030	441	0	520	530	0	0
144	15388	5587768	9052	23062	429	0	530	530	0	0
145	15389	5587773	9127	23094	429	0	540	520	0	0
146	15390	5587778	9198	23127	421	0	550	530	0	0
147	15391	5587783	9265	23150	421	0	560	510	0	0
148	15392	5587788	9328	23173	421	0	560	500	0	0
149	15393	5587793	9384	23173	421	0	580	500	0	0
150	15394	5587798	9435	23203	421	0	580	490	0	0
151	15395	5587803	9477	23233	429	0	590	480	0	0
152	15396	5587808	9477	23249	429	0	600	460	0	0
153	15397	5587813	9469	23249	429	0	600	480	0	0
154	15398	5587818	9452	23249	441	0	610	460	0	0
155	15399	5587823	9452	23249	441	0	620	450	0	0
156	15400	5587828	9452	23249	441	0	630	450	0	0
157	15401	5587833	9493	23249	441	0	630	450	0	0
158	15402	5587838	9494	23251	441	0	630	430	0	0
159	15403	5587843	9522	23256	441	0	630	430	0	0
160	15404	5587848	9536	23269	429	0	640	420	0	0
161	15405	5587853	9536	23287	421	0	650	430	0	0
162	15406	5587858	9536	23298	409	0	650	430	0	0
163	15407	5587863	9518	23307	401	0	650	430	0	0
164	15408	5587868	9490	23316	389	0	650	430	0	0
165	15409	5587873	9460	23327	369	0	650	430	0	0
166	15410	5587878	9425	23333	361	0	650	430	0	0
167	15411	5587883	9400	23339	341	0	650	430	0	0
168	15412	5587888	9376	23347	328	0	650	430	0	0
169	15413	5587893	9351	23351	320	0	650	430	0	0
170	15414	5587898	9327	23358	308	0	640	450	0	0
171	15415	5587903	9305	23358	300	0	640	450	0	0
172	15416	5587908	9286	23361	288	0	640	450	0	0
173	15417	5587913	9286	23361	288	0	640	450	0	0
174	15418	5587918	9285	23361	280	0	640	450	0	0
175	15419	5587923	9280	23361	280	0	630	470	0	0
176	15420	5587928	9277	23361	268	0	640	480	0	0
177	15421	5587933	9275	23359	268	0	640	480	0	0
178	15422	5587938	9266	23346	268	0	640	480	0	0
179	15423	5587943	9254	23329	260	0	640	480	0	0
180	15424	5587948	9251	23310	260	0	640	480	0	0
181	15425	5587953	9251	23290	260	0	630	500	0	0
182	15426	5587958	9251	23268	260	0	630	500	0	0
183	15427	5587963	9271	23253	268	0	630	500	0	0
184	15428	5587968	9299	23253	268	0	630	500	0	0
185	15429	5587973	9321	23247	280	0	630	500	0	0
186	15430	5587978	9345	23226	288	0	630	480	0	0
187	15431	5587983	9371	23205	300	0	630	480	0	0
188	15432	5587988	9398	23205	308	0	630	480	0	0
189	15433	5587993	9427	23187	320	0	630	470	0	0
190	15434	5587998	9456	23187	328	0	630	470	0	0
191	15435	5588003	9485	23185	341	0	630	470	0	0
192	15436	5588008	9515	23182	349	0	630	470	0	0
193	15437	5588013	9546	23180	361	0	630	470	0	0
194	15438	5588018	9575	23179	381	0	640	450	0	0
195	15439	5588023	9605	23179	389	0	630	430	0	0
196	15440	5588028	9633	23175	409	0	630	430	0	0
197	15441	5588033	9661	23171	421	0	640	420	0	0
198	15442	5588038	9690	23171	429	0	640	420	0	0
199	15443	5588043	9716	23171	441	0	640	420	0	0
200	15444	5588048	9743	23170	461	0	640	420	0	0
201	15445	5588053	9771	23170	469	0	630	420	0	0
202	15446	5588058	9800	23170	469	0	630	420	0	0
203	15447	5588063	9830	23170	481	0	620	430	0	0
204	15448	5588068	9861	23170	489	0	620	450	0	0
205	15449	5588073	9893	23173	489	0	610	460	0	0
206	15450	5588078	9926	23187	489	0	600	480	0	0
207	15451	5588083	9962	23203	489	0	590	510	0	0
208	15452	5588088	9997	23220	489	0	580	520	0	0
209	15453	5588093	10032	23222	481	0	570	530	0	0
210	15454	5588098	10065	23240	481	0	570	540	0	0
211	15455	5588103	10098	23260	481	0	560	550	0	0
212	15456	5588108	10131	23261	469	0	550	560	0	0
213	15457	5588113	10162	23283	469	0	540	580	0	0
214	15458	5588118	10194	23306	461	0	540	600	0	0
215	15459	5588123	10225	23331	461	0	530	610	0	0
216	15460	5588128	10256	23356	449	0	530	620	0	0
217	15461	5588133	10288	23381	449	0	530	620	0	0
218	15462	5588138	10321	23381	441	0	530	620	0	0
219	15463	5588143	10354	23404	441	0	530	630	0	0
220	15464	5588148	10386	23404	429	0	540	620	0	0
221	15465	5588153	10419	23410	429	0	540	620	0	0
222	15466	5588158	10450	23415	421	0	540	610	0	0
223	15467	5588163	10481	23420	421	0	550	630	0	0
224	15468	5588168	10511	23431	409	0	560	620	0	0
225	15469	5588173	10539	23441	409	0	560	610	0	0
226	15470	5588178	10564	23449	409	0	560	610	0	0
227	15471	5588183	10564	23460	401	0	580	610	0	0
228	15472	5588188	10564	23467	401	0	580	610	0	0
229	15473	5588193	10564	23468	401	0	580	600	0	0
230	15474	5588198	10564	23468	401	0	580	600	0	0
231	15475	5588203	10566	23468	401	0	590	590	0	0
232	15476	5588208	10574	23455	389	0	590	590	0	0
233	15477	5588213	10606	23433	389	0	600	580	0	0
234	15478	5588218	10613	23407	389	0	600	580	0	0
235	15479	5588223	10630	23407	389	0	610	570	0	0
236	15480	5588228	10656	23407	381	0	610	570	0	0
237	15481	5588233	10670	23402	381	0	620	560	0	0
238	15482	5588238	10684	23397	381	0	620	560	0	0
239	15483	5588243	10702	23391	369	0	610	540	0	0
240	15484	5588248	10719	23378	369	0	620	530	0	0
241	15485	5588253	10725	23365	369	0	620	530	0	0
242	15486	5588258	10743	23354	361	0	620	530	0	0
243	15487	5588263	10762	23343	361	0	620	530	0	0
244	15488	5588268	10780	23334	361	0	630	510	0	0
245	15489	5588273	10787	23327	361	0	630	510	0	0
246	15490	5588278	10805	23320	349	0	620	500	0	0
247	15491	5588283	10811	23315	349	0	620	500	0	0
248	15492	5588288	10830	23311	349	0	620	500	0	0
249	15493	5588293	10848	23309	349	0	630	480	0	0
250	15494	5588298	10848	23308	341	0	630	480	0	0
251	15495	5588303	10852	23308	341	0	630	480	0	0
252	15496	5588308	10857	23308	341	0	630	480	0	0
253	15497	5588313	10867	23308	328	0	630	480	0	0
254	15498	5588318	10877	23308	328	0	630	480	0	0
255	15499	5588323	10887	23308	328	0	630	480	0	0
256	15500	5588328	10896	23308	320	0	630	470	0	0
257	15501	5588333	10905	23308	320	0	630	470	0	0
258	15502	5588338	10913	23312	308	0	630	470	0	0
259	15503	5588343	10921	23319	308	0	630	470	0	0
260	15504	5588348	10928	23325	308	0	630	470	0	0
261	15505	5588353	10935	23332	300	0	630	470	0	0
262	15506	5588358	10942	23339	300	0	640	480	0	0
263	15507	5588363	10950	23350	288	0	650	470	0	0
264	15508	5588368	10956	23357	288	0	650	470	0	0
265	15509	5588373	10961	23365	280	0	650	470	0	0
266	15510	5588378	10965	23372	280	0	650	470	0	0
267	15511	5588383	10969	23379	268	0	650	470	0	0
268	15512	5588388	10974	23386	260	0	650	470	0	0
269	15513	5588393	10978	23393	260	0	650	480	0	0
270	15514	5588398	10983	23403	248	0	660	470	0	0
271	15515	5588403	10985	23410	248	0	660	470	0	0
272	15516	5588408	10987	23416	240	0	660	470	0	0
273	15517	5588413	10989	23422	228	0	660	470	0	0
274	15518	5588418	10992	23428	220	0	660	470	0	0
275	15519	5588423	10993	23433	220	0	660	470	0	0
276	15520	5588428	10995	23442	208	0	670	490	0	0
277	15521	5588433	10996	23450	200	0	670	490	0	0
278	15522	5588438	10997	23453	188	0	670	490	0	0
279	15523	5588443	10998	23459	188	0	670	490	0	0
280	15524	5588448	10998	23465	180	0	670	490	0	0
281	15525	5588453	10998	23473	168	0	670	490	0	0
282	15526	5588458	10998	23480	168	0	670	490	0	0
283	15527	5588463	10998	23483	160	0	670	490	0	0
284	15528	5588468	10998	23488	160	0	670	470	0	0
285	15529	5588473	10999	23493	148	0	670	470	0	0
286	15530	5588478	10999	23498	148	0	670	470	0	0
287	15531	5588483	10999	23502	140	0	670	470	0	0
288	15532	5588488	10999	23506	140	0	670	470	0	0
289	15533	5588493	10999	23509	128	0	670	470	0	0
290	15534	5588498	10999	23512	128	0	670	470	0	0
291	15535	5588503	10999	23514	128	0	670	470	0	0
292	15536	5588508	10999	23516	120	0	670	470	0	0
293	15537	5588513	10999	23516	120	0	670	470	0	0
294	15538	5588518	10999	23517	108	0	670	470	0	0
295	15539	5588523	10999	23517	108	0	670	470	0	0
296	15540	5588528	10999	23517	100	0	670	470	0	0
297	15541	5588533	10999	23517	100	0	670	470	0	0
298	15542	5588538	10999	23517	100	0	670	470	0	0
299	15543	5588543	10999	23517	100	0	670	470	0	0
300	15544	5588548	10999	23518	100	0	680	490	0	0
301	15545	5588553	10999	23520	100	0	680	490	0	0
302	15546	5588558	10999	23525	100	0	680	490	0	0
303	15547	5588563	10999	23527	100	0	680	490	0	0
304	15548	5588568	10997	23531	100	0	680	490	0	0
305	15549	5588573	10995	23538	100	0	680	490	0	0
306	15550	5588578	10992	23540	100	0	680	490	0	0
307	15551	5588583	10989	23544	108	0	680	490	0	0
308	15552	5588588	10987	23548	108	0	680	490	0	0
309	15553	5588593	10984	23551	108	0	680	490	0	0
310	15554	5588598	10981	23554	108	0	680	490	0	0
311	15555	5588603	10978	23556	120	0	680	490	0	0
312	15556	5588608	10975	23559	120	0	680	490	0	0
313	15557	5588613	10971	23561	120	0	680	490	0	0
314	15558	5588618	10968	23562	120	0	680	490	0	0
315	15559	5588623	10965	23564	120	0	670	500	0	0
316	15560	5588628	10962	23565	120	0	670	500	0	0
317	15561	5588633	10959	23567	120	0	670	500	0	0
318	15562	5588638	10956	23569	120	0	670	500	0	0
319	15563	5588643	10952	23572	120	0	670	500	0	0
320	15564	5588648	10948	23575	120	0	670	500	0	0
321	15565	5588653	10944	23578	120	0	670	500	0	0
322	15566	5588658	10941	23580	120	0	670	500	0	0
323	15567	5588663	10937	23582	120	0	670	500	0	0
324	15568	5588668	10933	23584	120	0	670	500	0	0
325	15569	5588673	10930	23585	120	0	670	500	0	0
326	15570	5588678	10926	23585	120	0	670	500	0	0
327	15571	5588683	10923	23586	120	0	660	520	0	0
328	15572	5588688	10920	23586	120	0	660	520	0	0
329	15573	5588693	10917	23586	120	0	660	520	0	0
330	15574	5588698	10914	23586	120	0	660	520	0	0
331	15575	5588703	10910	23586	108	0	660	520	0	0
332	15576	5588708	10907	23586	108	0	660	520	0	0
333	15577	5588713	10904	23586	108	0	660	520	0	0
334	15578	5588718	10901	23586	108	0	660	520	0	0
335	15579	5588722	10897	23586	100	0	660	520	0	0
336	15580	5588727	10894	23586	100	0	660	520	0	0
337	15581	5588732	10888	23586	100	0	660	520	0	0
338	15582	5588737	10887	23586	88	0	660	520	0	0
339	15583	5588742	10883	23586	88	0	660	520	0	0
340	15584	5588747	10880	23586	88	0	660	520	0	0
341	15585	5588752	10876	23586	88	0	670	500	0	0
342	15586	5588757	10872	23586	80	0	670	500	0	0
343	15587	5588762	10869	23586	80	0	670	500	0	0
344	15588	5588767	10865	23586	80	0	670	500	0	0
345	15589	5588772	10862	23586	80	0	670	500	0	0
346	15590	5588777	10859	23586	68	0	670	500	0	0
347	15591	5588782	10856	23586	68	0	670	500	0	0
348	15592	5588787	10853	23586	68	0	670	500	0	0
349	15593	5588792	10851	23586	68	0	670	500	0	0
350	15594	5588797	10848	23586	60	0	670	500	0	0
351	15595	5588802	10846	23586	60	0	670	500	0	0
352	15596	5588807	10844	23586	48	0	670	500	0	0
353	15597	5588812	10842	23586	48	0	670	500	0	0
354	15598	5588817	10840	23586	48	0	670	500	0	0
355	15599	5588822	10837	23585	40	0	670	500	0	0
356	15600	5588827	10835	23584	40	0	670	500	0	0
357	15601	5588832	10832	23583	40	0	670	500	0	0
358	15602	5588837	10829	23583	40	0	670	500	0	0
359	15603	5588842	10826	23583	40	0	670	500	0	0
360	15604	5588847	10823	23583	40	0	670	500	0	0
361	15605	5588852	10820	23583	40	0	670	500	0	0
362	15606	5588857	10816	23583	28	0	670	500	0	0
363	15607	5588862	10813	23583	28	0	670	500	0	0
364	15608	5588867	10811	23583	28	0	670	500	0	0
365	15609	5588872	10808	23583	28	0	670	500	0	0
366	15610	5588877	10805	23583	20	0	670	500	0	0
367	15611	5588882	10803	23583	20	0	670	500	0	0
368	15612	5588887	10802	23583	8	0	670	500	0	0
369	15613	5588892	10800	23583	8	0	670	500	0	0
370	15614	5588897	10799	23583	8	0	670	500	0	0
371	15615	5588902	10797	23583	0	0	670	500	0	0
372	15616	5588907	10795	23583	0	0	670	500	0	0
373	15617	5588912	10793	23583	0	0	670	500	0	0
374	15618	5588917	10791	23583	0	0	670	500	0	0
375	15619	5588922	10790	23582	0	0	670	500	0	0
376	15620	5588927	10788	23579	0	0	680	490	0	0
377	15621	5588932	10788	23577	0	0	680	490	0	0
378	15622	5588937	10787	23576	0	0	680	490	0	0
379	15623	5588942	10787	23575	0	0	680	490	0	0
380	15624	5588947	10786	23575	0	0	680	490	0	0
381	15625	5588952	10785	23575	0	0	680	490	0	0
382	15626	5588957	10784	23575	0	0	680	490	0	0
383	15627	5588962	10783	23575	0	0	680	490	0	0
384	15628	5588967	10781	23575	0	0	680	490	0	0
385	15629	5588972	10780	23575	0	0	680	490	0	0
386	15630	5588977	10778	23575	0	0	680	490	0	0
387	15631	5588982	10777	23575	0	0	680	490	0	0
388	15632	5588987	10775	23575	0	0	680	490	0	0
389	15633	5588992	10775	23575	0	0	680	490	0	0
390	15634	5588997	10774	23575	0	0	680	490	0	0
391	15635	5589002	10772	23575	0	0	680	490	0	0
392	15636	5589007	10771	23575	0	0	680	490	0	0
393	15637	5589012	10770	23575	0	0	680	490	0	0
394	15638	5589017	10769	23575	0	0	680	490	0	0
395	15639	5589022	10769	23575	0	0	680	490	0	0
396	15640	5589027	10768	23575	0	0	680	490	0	0
397	15641	5589032	10768	23575	0	0	680	490	0	0
398	15642	5589037	10767	23575	0	0	680	490	0	0
399	15643	5589042	10767	23575	0	0	680	490	0	0
400	15644	5589047	10767	23575	0	0	680	490	0	0
401	15645	5589052	10767	23575	0	0	680	490	0	0
402	15646	5589057	10766	23575	0	0	680	490	0	0
403	15647	5589062	10766	23575	0	0	680	490	0	0
404	15648	5589067	10766	23575	0	0	690	470	0	0
405	15649	5589072	10766	23575	0	0	690	470	0	0
406	15650	5589077	10766	23575	0	0	690	470	0	0
407	15651	5589082	10766	23575	0	0	690	470	0	0
408	15652	5589087	10766	23575	0	0	690	470	0	0
409	15653	5589092	10766	23575	0	0	690	470	0	0
410	15654	5589097	10766	23575	0	0	690	470	0	0
411	15655	5589102	10766	23575	0	0	690	470	0	0
412	15656	5589107	10766	23575	0	0	690	470	0	0
413	15657	5589112	10766	23575	0	0	690	470	0	0
414	15658	5589117	10766	23575	0	0	690	470	0	0
415	15659	5589122	10766	23575	0	0	690	470	0	0
416	15660	5589132	10766	23575	0	0	690	470	0	0
417	15661	5589137	10766	23575	0	1	690	470	0	0
418	15662	5589142	10766	23575	0	5	690	470	0	0
419	15663	5589147	10766	23575	0	10	690	470	0	0
420	15664	5589152	10766	23575	0	0	690	470	0	0
421	15665	5589156	10766	23575	0	20	690	470	0	0
422	15666	5589161	10766	23575	0	35	690	470	0	0
423	15667	5589166	10766	23575	0	38	690	470	0	0
424	15668	5589171	10766	23575	0	51	690	470	0	0
425	15669	5589176	10766	23575	0	60	690	470	0	0
426	15670	5589181	10766	23575	0	64	690	470	0	0
427	15671	5589186	10766	23575	0	73	690	470	0	0
428	15672	5589191	10766	23575	0	80	690	470	0	0
429	15673	5589196	10766	23575	0	86	690	470	0	0
430	15674	5589201	10766	23575	0	94	690	470	0	0
431	15675	5589206	10766	23575	0	102	690	470	0	0
432	15676	5589211	10766	23575	0	110	690	470	0	0
433	15677	5589216	10766	23575	0	117	690	470	0	0
434	15678	5589221	10766	23575	0	122	690	470	0	0
435	15679	5589226	10766	23575	0	129	690	470	0	0
436	15680	5589231	10766	23575	0	136	690	470	0	0
437	15681	5589236	10767	23575	0	144	690	470	0	0
438	15682	5589241	10769	23575	0	150	690	470	0	0
439	15683	5589246	10772	23575	0	155	690	470	0	0
440	15684	5589251	10773	23575	0	158	690	470	0	0
441	15685	5589256	10775	23578	0	162	690	470	0	0
442	15686	5589261	10777	23579	0	164	690	470	0	0
443	15687	5589266	10778	23581	0	167	690	470	0	0
444	15688	5589271	10780	23584	0	170	690	470	0	0
445	15689	5589276	10782	23586	0	173	690	470	0	0
446	15690	5589281	10784	23587	0	177	690	470	0	0
447	15691	5589286	10785	23589	0	182	690	470	0	0
448	15692	5589291	10787	23591	0	186	690	470	0	0
449	15693	5589296	10789	23593	0	191	690	470	0	0
450	15694	5589301	10791	23594	0	194	690	470	0	0
451	15695	5589306	10794	23596	0	196	690	470	0	0
452	15696	5589311	10796	23598	0	198	690	470	0	0
453	15697	5589316	10798	23600	0	198	690	470	0	0
454	15698	5589321	10800	23602	0	198	690	470	0	0
455	15699	5589326	10802	23604	0	199	690	470	0	0
456	15700	5589331	10804	23605	0	199	690	470	0	0
457	15701	5589336	10806	23607	0	201	690	470	0	0
458	15702	5589341	10809	23609	0	202	690	470	0	0
459	15703	5589346	10811	23611	0	204	690	470	0	0
460	15704	5589351	10813	23613	0	208	690	470	0	0
461	15705	5589356	10815	23615	0	212	690	470	0	0
462	15706	5589361	10816	23618	0	216	690	470	0	0
463	15707	5589366	10819	23620	0	221	690	470	0	0
464	15708	5589371	10821	23622	0	224	690	470	0	0
465	15709	5589376	10823	23624	0	227	690	470	0	0
466	15710	5589381	10824	23626	0	228	690	470	0	0
467	15711	5589386	10825	23629	0	230	690	470	0	0
468	15712	5589391	10827	23631	0	232	690	470	0	0
469	15713	5589396	10829	23632	0	235	690	470	0	0
470	15714	5589401	10831	23634	0	236	690	470	0	0
471	15715	5589406	10833	23636	0	240	690	470	0	0
472	15716	5589411	10834	23638	0	243	690	470	0	0
473	15717	5589416	10836	23640	0	247	690	470	0	0
474	15718	5589421	10838	23642	0	251	690	470	0	0
475	15719	5589426	10841	23643	0	255	690	470	0	0
476	15720	5589431	10843	23645	0	259	690	470	0	0
477	15721	5589436	10846	23647	0	263	690	470	0	0
478	15722	5589441	10849	23648	0	264	690	470	0	0
479	15723	5589446	10851	23649	0	267	690	470	0	0
480	15724	5589451	10852	23650	0	269	690	470	0	0
481	15725	5589456	10854	23651	0	270	690	470	0	0
482	15726	5589461	10856	23653	0	270	690	470	0	0
483	15727	5589466	10858	23656	0	271	690	470	0	0
484	15728	5589471	10861	23658	0	271	690	470	0	0
485	15729	5589476	10864	23661	0	271	690	470	0	0
486	15730	5589481	10866	23666	0	270	690	470	0	0
487	15731	5589486	10870	23670	0	272	690	470	0	0
488	15732	5589491	10874	23675	0	274	690	490	0	0
489	15733	5589496	10878	23681	0	276	690	490	0	0
490	15734	5589501	10882	23686	0	276	690	490	0	0
491	15735	5589506	10885	23692	0	276	690	490	0	0
492	15736	5589511	10888	23698	0	279	690	490	0	0
493	15737	5589516	10891	23704	0	283	690	490	0	0
494	15738	5589521	10895	23710	0	285	690	490	0	0
495	15739	5589526	10898	23717	0	290	690	490	0	0
496	15740	5589531	10900	23723	0	294	690	490	0	0
497	15741	5589536	10904	23729	0	297	690	490	0	0
498	15742	5589541	10906	23734	0	298	690	490	0	0
499	15743	5589546	10909	23739	0	300	690	490	0	0
500	15744	5589551	10911	23743	0	304	690	490	0	0
501	15745	5589556	10913	23747	0	306	690	490	0	0
502	15746	5589561	10915	23750	0	306	690	490	0	0
503	15747	5589566	10917	23752	0	308	690	490	0	0
504	15748	5589571	10919	23754	0	311	690	490	0	0
505	15749	5589576	10920	23755	0	314	690	490	0	0
506	15750	5589581	10921	23757	0	317	690	490	0	0
507	15751	5589586	10923	23758	0	321	690	490	0	0
508	15752	5589591	10925	23760	0	325	690	490	0	0
509	15753	5589596	10927	23762	0	327	690	490	0	0
510	15754	5589601	10929	23765	0	328	690	490	0	0
511	15755	5589606	10930	23767	0	331	690	490	0	0
512	15756	5589611	10933	23770	0	333	690	490	0	0
513	15757	5589616	10935	23774	0	335	690	490	0	0
514	15758	5589621	10937	23778	0	339	690	490	0	0
515	15759	5589626	10940	23782	0	343	690	490	0	0
516	15760	5589631	10942	23787	0	348	690	490	0	0
517	15761	5589636	10944	23790	0	350	690	490	0	0
518	15762	5589641	10946	23794	0	352	690	490	0	0
519	15763	5589646	10948	23798	0	352	690	490	0	0
520	15764	5589651	10949	23801	0	352	690	490	0	0
521	15765	5589656	10951	23804	0	352	690	490	0	0
522	15766	5589661	10953	23808	0	352	700	510	0	0
523	15767	5589666	10955	23812	0	354	700	510	0	0
524	15768	5589671	10958	23817	0	356	700	510	0	0
525	15769	5589676	10961	23822	0	358	710	490	0	0
526	15770	5589681	10964	23828	0	361	710	490	0	0
527	15771	5589686	10967	23835	0	365	710	490	0	0
528	15772	5589691	10971	23841	0	368	710	490	0	0
529	15773	5589696	10974	23847	0	368	710	490	0	0
530	15774	5589701	10978	23853	0	369	710	520	0	0
531	15775	5589706	10981	23859	0	372	710	520	0	0
532	15776	5589711	10984	23864	0	375	710	520	0	0
533	15777	5589716	10987	23870	0	376	710	520	0	0
534	15778	5589721	10990	23875	0	378	710	520	0	0
535	15779	5589726	10992	23881	0	382	710	520	0	0
536	15780	5589731	10995	23887	0	387	710	520	0	0
537	15781	5589736	10998	23893	0	390	710	520	0	0
538	15782	5589741	11000	23898	0	391	710	520	0	0
539	15783	5589746	11003	23904	0	391	710	520	0	0
540	15784	5589751	11005	23909	0	392	710	520	0	0
541	15785	5589756	11007	23915	0	392	720	540	0	0
542	15786	5589761	11009	23920	0	392	720	540	0	0
543	15787	5589766	11011	23926	0	393	720	540	0	0
544	15788	5589771	11012	23931	0	395	720	540	0	0
545	15789	5589776	11014	23935	0	396	720	540	0	0
546	15790	5589781	11015	23940	0	396	720	540	0	0
547	15791	5589786	11016	23944	0	400	720	540	0	0
548	15792	5589791	11018	23949	0	403	720	540	0	0
549	15793	5589796	11019	23953	0	406	720	540	0	0
550	15794	5589801	11021	23957	0	408	720	540	0	0
551	15795	5589806	11022	23962	0	412	720	540	0	0
552	15796	5589811	11023	23967	0	414	720	540	0	0
553	15797	5589816	11024	23973	0	415	720	540	0	0
554	15798	5589821	11026	23979	0	416	720	540	0	0
555	15799	5589826	11027	23985	0	418	720	540	0	0
556	15800	5589831	11027	23992	0	421	720	540	0	0
557	15801	5589836	11028	24000	0	423	720	540	0	0
558	15802	5589841	11029	24007	0	424	720	540	0	0
559	15803	5589846	11029	24014	0	425	720	540	0	0
560	15804	5589851	11030	24021	0	426	720	540	0	0
561	15805	5589856	11031	24028	0	427	720	570	0	0
562	15806	5589861	11031	24034	0	427	720	570	0	0
563	15807	5589866	11032	24041	0	428	720	570	0	0
564	15808	5589871	11034	24047	0	428	720	570	0	0
565	15809	5589876	11034	24052	0	428	720	570	0	0
566	15810	5589881	11035	24058	0	427	720	570	0	0
567	15811	5589886	11036	24063	0	427	720	570	0	0
568	15812	5589891	11036	24068	0	428	720	570	0	0
569	15813	5589896	11037	24073	0	427	720	570	0	0
570	15814	5589901	11038	24078	0	426	720	570	0	0
571	15815	5589906	11039	24083	0	427	720	570	0	0
572	15816	5589911	11040	24088	0	428	720	570	0	0
573	15817	5589916	11041	24094	0	427	720	570	0	0
574	15818	5589921	11043	24100	0	427	730	590	0	0
575	15819	5589926	11044	24107	0	429	730	590	0	0
576	15820	5589931	11046	24113	0	431	730	590	0	0
577	15821	5589936	11047	24119	0	430	730	590	0	0
578	15822	5589941	11048	24125	0	429	730	590	0	0
579	15823	5589946	11049	24131	0	430	730	590	0	0
580	15824	5589951	11051	24137	0	431	730	590	0	0
581	15825	5589956	11052	24143	0	430	730	590	0	0
582	15826	5589961	11052	24148	0	430	730	590	0	0
583	15827	5589966	11053	24153	0	430	730	590	0	0
584	15828	5589971	11054	24159	0	430	730	620	0	0
585	15829	5589976	11055	24165	0	429	730	620	0	0
586	15830	5589981	11056	24171	0	428	730	620	0	0
587	15831	5589986	11056	24177	0	429	740	610	0	0
588	15832	5589991	11057	24182	0	430	740	610	0	0
589	15833	5589996	11059	24187	0	430	740	610	0	0
590	15834	5590001	11060	24192	0	429	740	610	0	0
591	15835	5590006	11062	24196	0	429	740	610	0	0
592	15836	5590011	11063	24200	0	430	740	610	0	0
593	15837	5590016	11065	24203	0	431	740	610	0	0
594	15838	5590021	11066	24206	0	431	740	610	0	0
595	15839	5590026	11067	24209	0	432	740	580	0	0
596	15840	5590031	11068	24213	0	434	740	580	0	0
597	15841	5590036	11069	24216	0	435	740	580	0	0
598	15842	5590041	11070	24220	0	436	740	580	0	0
599	15843	5590046	11070	24223	0	439	740	580	0	0
600	15844	5590051	11071	24227	0	441	740	580	0	0
601	15845	5590056	11072	24231	0	442	730	550	0	0
602	15846	5590061	11072	24235	0	442	730	550	0	0
603	15847	5590066	11072	24239	0	444	730	550	0	0
604	15848	5590071	11073	24242	0	444	730	550	0	0
605	15849	5590076	11074	24246	0	444	730	550	0	0
606	15850	5590081	11074	24249	0	443	730	550	0	0
607	15851	5590086	11074	24253	0	443	720	520	0	0
608	15852	5590091	11075	24257	0	444	720	520	0	0
609	15853	5590096	11075	24260	0	443	720	520	0	0
610	15854	5590101	11076	24264	0	442	720	520	0	0
611	15855	5590106	11076	24269	0	443	730	550	0	0
612	15856	5590111	11077	24274	0	443	730	550	0	0
613	15857	5590116	11077	24278	0	443	730	550	0	0
614	15858	5590121	11078	24282	0	442	730	550	0	0
615	15859	5590126	11079	24286	0	443	730	550	0	0
616	15860	5590131	11080	24291	0	444	730	550	0	0
617	15861	5590136	11081	24295	0	444	730	550	0	0
618	15862	5590141	11081	24299	0	444	730	550	0	0
619	15863	5590146	11082	24303	0	445	730	550	0	0
620	15864	5590151	11083	24305	0	446	730	550	0	0
621	15865	5590156	11084	24308	0	446	730	550	0	0
622	15866	5590161	11085	24311	0	447	730	550	0	0
623	15867	5590166	11085	24314	0	448	730	550	0	0
624	15868	5590171	11085	24316	0	450	730	550	0	0
625	15869	5590176	11085	24319	0	450	730	550	0	0
626	15870	5590181	11085	24321	0	451	730	550	0	0
627	15871	5590186	11085	24324	0	453	730	550	0	0
628	15872	5590191	11085	24327	0	454	730	550	0	0
629	15873	5590196	11085	24329	0	455	720	520	0	0
630	15874	5590201	11085	24331	0	454	720	520	0	0
631	15875	5590206	11085	24333	0	455	720	500	0	0
632	15876	5590211	11085	24335	0	455	720	500	0	0
633	15877	5590216	11085	24338	0	455	710	470	0	0
634	15878	5590221	11086	24340	0	453	710	470	0	0
635	15879	5590226	11086	24342	0	454	710	450	0	0
636	15880	5590231	11087	24344	0	455	710	450	0	0
637	15881	5590236	11087	24347	0	453	700	430	0	0
638	15882	5590241	11087	24349	0	452	700	430	0	0
639	15883	5590246	11087	24353	0	453	700	430	0	0
640	15884	5590251	11088	24357	0	453	690	410	0	0
641	15885	5590256	11088	24362	0	453	690	410	0	0
642	15886	5590261	11088	24367	0	452	680	390	0	0
643	15887	5590266	11088	24371	0	454	680	390	0	0
644	15888	5590271	11088	24376	0	455	680	390	0	0
645	15889	5590276	11088	24382	0	455	680	390	0	0
646	15890	5590281	11088	24386	0	453	680	390	0	0
647	15891	5590286	11088	24391	0	454	680	380	0	0
648	15892	5590291	11088	24395	0	455	680	390	0	0
649	15893	5590296	11088	24399	0	455	680	390	0	0
650	15894	5590301	11089	24403	0	455	680	390	0	0
651	15895	5590306	11089	24407	0	456	680	390	0	0
652	15896	5590311	11089	24411	0	457	680	390	0	0
653	15897	5590316	11089	24414	0	456	680	390	0	0
654	15898	5590321	11089	24419	0	455	680	390	0	0
655	15899	5590326	11089	24422	0	455	680	390	0	0
656	15900	5590331	11089	24426	0	456	680	390	0	0
657	15901	5590336	11089	24430	0	455	690	410	0	0
658	15902	5590341	11089	24433	0	455	690	410	0	0
659	15903	5590346	11089	24436	0	455	690	410	0	0
660	15904	5590351	11089	24439	0	456	690	410	0	0
661	15905	5590356	11089	24442	0	455	690	410	0	0
662	15906	5590361	11089	24445	0	454	690	410	0	0
663	15907	5590366	11089	24447	0	454	690	410	0	0
664	15908	5590371	11089	24448	0	454	690	410	0	0
665	15909	5590376	11089	24450	0	454	690	410	0	0
666	15910	5590381	11089	24451	0	453	690	410	0	0
667	15911	5590386	11089	24452	0	454	690	410	0	0
668	15912	5590391	11089	24453	0	456	700	430	0	0
669	15913	5590396	11089	24454	0	456	700	430	0	0
670	15914	5590401	11089	24454	0	456	700	430	0	0
671	15915	5590406	11089	24455	0	457	700	430	0	0
672	15916	5590411	11089	24456	0	459	700	430	0	0
673	15917	5590416	11089	24457	0	460	700	430	0	0
674	15918	5590421	11089	24458	0	463	700	430	0	0
675	15919	5590426	11089	24459	0	465	700	430	0	0
676	15920	5590431	11089	24460	0	467	700	430	0	0
677	15921	5590436	11089	24461	0	467	700	430	0	0
678	15922	5590441	11089	24463	0	467	700	430	0	0
679	15923	5590446	11089	24465	0	468	700	430	0	0
680	15924	5590451	11089	24467	0	468	700	430	0	0
681	15925	5590456	11089	24470	0	466	700	430	0	0
682	15926	5590461	11089	24472	0	464	700	430	0	0
683	15927	5590466	11089	24475	0	464	700	430	0	0
684	15928	5590471	11089	24477	0	463	700	430	0	0
685	15929	5590476	11089	24480	0	461	700	430	0	0
686	15930	5590481	11089	24483	0	459	700	430	0	0
687	15931	5590486	11089	24485	0	458	700	430	0	0
688	15932	5590491	11089	24488	0	459	700	430	0	0
689	15933	5590496	11089	24490	0	458	700	430	0	0
690	15934	5590501	11089	24493	0	458	700	430	0	0
691	15935	5590506	11089	24495	0	459	700	430	0	0
692	15936	5590511	11089	24498	0	461	700	430	0	0
693	15937	5590516	11089	24500	0	461	700	430	0	0
694	15938	5590521	11089	24502	0	463	700	430	0	0
695	15939	5590526	11089	24505	0	464	700	430	0	0
696	15940	5590531	11089	24507	0	467	700	430	0	0
697	15941	5590536	11089	24509	0	468	700	430	0	0
698	15942	5590541	11089	24511	0	468	700	430	0	0
699	15943	5590546	11089	24513	0	468	710	450	0	0
700	15944	5590551	11089	24516	0	468	710	450	0	0
701	15945	5590556	11089	24518	0	468	710	450	0	0
702	15946	5590561	11089	24521	0	467	710	450	0	0
703	15947	5590566	11089	24524	0	467	710	450	0	0
704	15948	5590571	11089	24527	0	468	710	450	0	0
705	15949	5590576	11089	24531	0	467	710	450	0	0
706	15950	5590581	11089	24535	0	466	710	450	0	0
707	15951	5590586	11089	24539	0	467	710	450	0	0
708	15952	5590591	11089	24543	0	468	710	450	0	0
709	15953	5590596	11089	24547	0	468	710	450	0	0
710	15954	5590601	11089	24551	0	468	710	450	0	0
711	15955	5590606	11089	24555	0	470	710	470	0	0
712	15956	5590611	11089	24559	0	472	710	470	0	0
713	15957	5590616	11089	24562	0	473	710	470	0	0
714	15958	5590621	11089	24564	0	474	710	470	0	0
715	15959	5590626	11089	24567	0	477	710	470	0	0
716	15960	5590631	11089	24569	0	479	710	470	0	0
717	15961	5590636	11090	24571	0	481	710	470	0	0
718	15962	5590641	11091	24573	0	481	710	470	0	0
719	15963	5590646	11091	24575	0	482	720	500	0	0
720	15964	5590651	11092	24577	0	484	720	500	0	0
721	15965	5590656	11092	24579	0	485	720	500	0	0
722	15966	5590661	11093	24581	0	486	720	500	0	0
723	15967	5590666	11093	24583	0	490	720	500	0	0
724	15968	5590671	11093	24585	0	495	720	500	0	0
725	15969	5590676	11093	24586	0	498	720	500	0	0
726	15970	5590681	11093	24588	0	501	720	500	0	0
727	15971	5590686	11093	24589	0	507	720	500	0	0
728	15972	5590691	11093	24590	0	514	720	500	0	0
729	15973	5590696	11093	24591	0	520	720	500	0	0
730	15974	5590701	11093	24592	0	525	720	500	0	0
731	15975	5590706	11093	24593	0	530	720	500	0	0
732	15976	5590711	11093	24594	0	534	720	500	0	0
733	15977	5590716	11093	24594	0	535	720	500	0	0
734	15978	5590721	11093	24595	0	534	720	500	0	0
735	15979	5590726	11093	24595	0	535	720	500	0	0
736	15980	5590731	11093	24595	0	535	720	500	0	0
737	15981	5590736	11093	24595	0	534	720	500	0	0
738	15982	5590741	11093	24595	0	532	720	500	0	0
739	15983	5590746	11093	24595	0	533	720	500	0	0
740	15984	5590751	11093	24595	0	534	720	500	0	0
741	15985	5590756	11093	24595	0	534	720	500	0	0
742	15986	5590761	11093	24595	0	534	720	500	0	0
743	15987	5590766	11093	24595	0	536	720	500	0	0
744	15988	5590771	11093	24595	0	538	720	500	0	0
745	15989	5590776	11093	24595	0	540	720	500	0	0
746	15990	5590781	11093	24595	0	541	720	500	0	0
747	15991	5590786	11093	24595	0	545	720	500	0	0
748	15992	5590791	11093	24595	0	549	720	500	0	0
749	15993	5590796	11093	24595	0	552	720	500	0	0
750	15994	5590801	11093	24595	0	554	720	500	0	0
751	15995	5590806	11093	24595	0	558	720	500	0	0
752	15996	5590811	11093	24595	0	561	720	500	0	0
753	15997	5590816	11093	24595	0	562	720	500	0	0
754	15998	5590821	11093	24595	0	564	720	500	0	0
755	15999	5590826	11093	24594	0	567	720	500	0	0
756	16000	5590831	11093	24592	0	571	720	500	0	0
757	16001	5590836	11093	24590	0	574	720	500	0	0
758	16002	5590841	11093	24588	0	577	720	500	0	0
759	16003	5590846	11093	24585	0	582	720	500	0	0
760	16004	5590851	11093	24583	0	586	720	500	0	0
761	16005	5590856	11093	24580	0	588	720	500	0	0
762	16006	5590861	11093	24577	0	590	720	500	0	0
763	16007	5590866	11093	24573	0	594	720	500	0	0
764	16008	5590871	11093	24569	0	597	720	500	0	0
765	16009	5590876	11093	24563	0	599	730	470	0	0
766	16010	5590881	11093	24555	0	600	730	470	0	0
767	16011	5590886	11093	24546	0	602	730	470	0	0
768	16012	5590891	11093	24536	0	603	730	470	0	0
769	16013	5590896	11093	24525	0	602	730	470	0	0
770	16014	5590901	11093	24514	0	599	730	470	0	0
771	16015	5590906	11093	24502	0	607	730	470	0	0
772	16016	5590911	11093	24492	0	612	730	470	0	0
773	16017	5590916	11093	24481	0	613	730	470	0	0
774	16018	5590921	11093	24473	0	616	730	470	0	0
775	16019	5590926	11093	24465	0	619	720	450	0	0
776	16020	5590931	11093	24457	0	620	720	450	0	0
777	16021	5590936	11093	24451	0	622	720	450	0	0
778	16022	5590941	11093	24444	0	621	720	450	0	0
779	16023	5590946	11093	24437	0	621	720	450	0	0
780	16024	5590951	11093	24430	0	623	720	450	0	0
781	16025	5590956	11093	24422	0	622	710	430	0	0
782	16026	5590961	11093	24414	0	621	710	430	0	0
783	16027	5590966	11093	24405	0	621	710	430	0	0
784	16028	5590971	11093	24396	0	623	710	430	0	0
785	16029	5590976	11093	24386	0	623	710	430	0	0
786	16030	5590981	11093	24375	0	624	710	430	0	0
787	16031	5590986	11093	24364	0	627	710	430	0	0
788	16032	5590991	11093	24354	0	629	710	430	0	0
789	16033	5590996	11093	24344	0	630	710	430	0	0
790	16034	5591001	11093	24335	0	628	710	430	0	0
791	16035	5591006	11093	24328	0	632	710	430	0	0
792	16036	5591011	11093	24321	0	633	710	430	0	0
793	16037	5591016	11093	24315	0	632	720	450	0	0
794	16038	5591021	11093	24309	0	632	720	450	0	0
795	16039	5591025	11093	24304	0	632	730	470	0	0
796	16040	5591030	11093	24299	0	633	730	470	0	0
797	16041	5591035	11093	24293	0	633	730	500	0	0
798	16042	5591040	11093	24287	0	632	730	500	0	0
799	16043	5591045	11093	24279	0	632	730	500	0	0
800	16044	5591050	11093	24270	0	633	740	530	0	0
801	16045	5591055	11093	24262	0	633	740	530	0	0
802	16046	5591060	11093	24253	0	630	740	560	0	0
803	16047	5591065	11093	24243	0	632	740	560	0	0
804	16048	5591070	11093	24234	0	636	750	590	0	0
805	16049	5591075	11093	24226	0	636	750	590	0	0
806	16050	5591080	11093	24217	0	635	750	590	0	0
807	16051	5591085	11093	24209	0	636	750	590	0	0
808	16052	5591090	11093	24202	0	638	750	590	0	0
809	16053	5591095	11093	24195	0	637	750	590	0	0
810	16054	5591100	11093	24187	0	636	750	590	0	0
811	16055	5591105	11093	24180	0	637	750	590	0	0
812	16056	5591110	11092	24172	0	638	750	620	0	0
813	16057	5591115	11090	24165	0	637	750	620	0	0
814	16058	5591120	11089	24157	0	636	750	620	0	0
815	16059	5591125	11088	24150	0	636	750	620	0	0
816	16060	5591130	11088	24142	0	636	750	620	0	0
817	16061	5591135	11087	24136	0	635	750	620	0	0
818	16062	5591140	11087	24130	0	635	750	620	0	0
819	16063	5591145	11086	24124	0	636	750	620	0	0
820	16064	5591150	11085	24119	0	637	750	620	0	0
821	16065	5591155	11085	24114	0	636	750	620	0	0
822	16066	5591160	11085	24108	0	636	750	620	0	0
823	16067	5591165	11085	24103	0	639	750	620	0	0
824	16068	5591170	11084	24097	0	641	750	620	0	0
825	16069	5591175	11083	24091	0	640	750	620	0	0
826	16070	5591180	11083	24085	0	639	750	620	0	0
827	16071	5591185	11082	24078	0	639	750	620	0	0
828	16072	5591190	11082	24071	0	640	750	620	0	0
829	16073	5591195	11080	24065	0	640	750	620	0	0
830	16074	5591200	11079	24059	0	641	750	620	0	0
831	16075	5591205	11077	24052	0	642	750	620	0	0
832	16076	5591210	11076	24045	0	642	750	620	0	0
833	16077	5591215	11074	24038	0	643	750	620	0	0
834	16078	5591220	11072	24031	0	643	750	620	0	0
835	16079	5591225	11071	24022	0	645	750	620	0	0
836	16080	5591230	11070	24013	0	646	750	620	0	0
837	16081	5591235	11069	24003	0	645	750	590	0	0
838	16082	5591240	11069	23992	0	643	750	590	0	0
839	16083	5591245	11068	23982	0	643	750	590	0	0
840	16084	5591250	11067	23971	0	644	750	590	0	0
841	16085	5591255	11066	23960	0	642	750	590	0	0
842	16086	5591260	11066	23949	0	639	750	590	0	0
843	16087	5591265	11065	23939	0	641	750	590	0	0
844	16088	5591270	11064	23929	0	644	750	590	0	0
845	16089	5591275	11064	23920	0	643	750	590	0	0
846	16090	5591280	11064	23910	0	642	750	590	0	0
847	16091	5591285	11063	23901	0	643	750	590	0	0
848	16092	5591290	11063	23893	0	644	740	560	0	0
849	16093	5591295	11063	23884	0	643	740	560	0	0
850	16094	5591300	11063	23876	0	642	740	560	0	0
851	16095	5591305	11063	23869	0	643	740	560	0	0
852	16096	5591310	11063	23861	0	645	740	560	0	0
853	16097	5591315	11063	23855	0	645	740	560	0	0
854	16098	5591320	11063	23849	0	643	740	560	0	0
855	16099	5591325	11063	23843	0	644	740	560	0	0
856	16100	5591330	11063	23838	0	645	740	560	0	0
857	16101	5591335	11063	23833	0	644	740	560	0	0
858	16102	5591340	11063	23829	0	643	740	560	0	0
859	16103	5591345	11063	23824	0	643	740	560	0	0
860	16104	5591350	11063	23821	0	645	740	560	0	0
861	16105	5591355	11063	23817	0	645	740	560	0	0
862	16106	5591360	11063	23814	0	645	740	560	0	0
863	16107	5591365	11063	23811	0	646	740	560	0	0
864	16108	5591370	11064	23808	0	647	740	530	0	0
865	16109	5591375	11065	23806	0	645	740	530	0	0
866	16110	5591380	11067	23805	0	645	740	530	0	0
867	16111	5591385	11068	23804	0	646	740	530	0	0
868	16112	5591390	11069	23803	0	646	740	530	0	0
869	16113	5591395	11069	23802	0	646	740	530	0	0
870	16114	5591400	11070	23800	0	644	740	530	0	0
871	16115	5591405	11072	23799	0	645	740	530	0	0
872	16116	5591410	11073	23797	0	645	740	530	0	0
873	16117	5591415	11075	23795	0	644	740	530	0	0
874	16118	5591420	11077	23793	0	643	740	530	0	0
875	16119	5591425	11078	23790	0	643	740	530	0	0
876	16120	5591430	11080	23787	0	643	740	530	0	0
877	16121	5591435	11082	23783	0	642	740	530	0	0
878	16122	5591440	11084	23780	0	640	740	530	0	0
879	16123	5591445	11085	23776	0	641	740	530	0	0
880	16124	5591450	11088	23772	0	641	740	530	0	0
881	16125	5591455	11090	23768	0	640	740	530	0	0
882	16126	5591460	11093	23764	0	639	740	530	0	0
883	16127	5591465	11096	23759	0	640	740	530	0	0
884	16128	5591470	11098	23756	0	641	740	530	0	0
885	16129	5591475	11102	23751	0	640	750	500	0	0
886	16130	5591480	11105	23747	0	638	750	500	0	0
887	16131	5591485	11109	23743	0	637	750	500	0	0
888	16132	5591490	11112	23739	0	636	750	500	0	0
889	16133	5591495	11115	23736	0	634	750	500	0	0
890	16134	5591500	11118	23733	0	631	750	500	0	0
891	16135	5591505	11121	23730	0	631	750	500	0	0
892	16136	5591510	11124	23727	0	632	750	500	0	0
893	16137	5591515	11126	23724	0	630	750	500	0	0
894	16138	5591520	11127	23723	0	630	750	500	0	0
895	16139	5591525	11129	23721	0	631	750	500	0	0
896	16140	5591530	11131	23719	0	632	750	500	0	0
897	16141	5591535	11133	23718	0	632	750	500	0	0
898	16142	5591540	11136	23716	0	631	750	500	0	0
899	16143	5591545	11138	23715	0	631	750	500	0	0
900	16144	5591550	11140	23714	0	631	750	480	0	0
901	16145	5591555	11142	23713	0	630	750	480	0	0
902	16146	5591560	11145	23711	0	628	750	480	0	0
903	16147	5591565	11147	23711	0	627	750	450	0	0
904	16148	5591570	11148	23710	0	627	750	450	0	0
905	16149	5591575	11151	23709	0	625	750	450	0	0
906	16150	5591580	11152	23708	0	624	750	450	0	0
907	16151	5591585	11154	23707	0	625	750	450	0	0
908	16152	5591590	11155	23707	0	625	750	450	0	0
909	16153	5591595	11156	23707	0	624	750	450	0	0
910	16154	5591600	11157	23706	0	623	750	450	0	0
911	16155	5591605	11157	23706	0	624	750	450	0	0
912	16156	5591610	11158	23706	0	625	750	450	0	0
913	16157	5591615	11158	23706	0	624	750	450	0	0
914	16158	5591620	11158	23706	0	622	750	450	0	0
915	16159	5591625	11159	23706	0	622	750	450	0	0
916	16160	5591630	11159	23706	0	622	750	450	0	0
917	16161	5591635	11160	23706	0	621	740	480	0	0
918	16162	5591640	11161	23706	0	619	750	450	0	0
919	16163	5591645	11162	23706	0	619	750	450	0	0
920	16164	5591650	11164	23706	0	619	750	450	0	0
921	16165	5591655	11166	23706	0	617	750	450	0	0
922	16166	5591660	11168	23706	0	615	750	450	0	0
923	16167	5591665	11170	23706	0	615	750	450	0	0
924	16168	5591670	11172	23706	0	614	750	450	0	0
925	16169	5591675	11174	23706	0	613	750	450	0	0
926	16170	5591680	11177	23706	0	613	750	450	0	0
927	16171	5591685	11180	23706	0	613	750	450	0	0
928	16172	5591690	11182	23706	0	614	750	450	0	0
929	16173	5591695	11186	23706	0	613	750	450	0	0
930	16174	5591700	11189	23706	0	613	750	450	0	0
931	16175	5591705	11194	23706	0	614	750	450	0	0
932	16176	5591710	11198	23706	0	615	750	450	0	0
933	16177	5591715	11203	23706	0	615	750	450	0	0
934	16178	5591720	11208	23706	0	614	750	450	0	0
935	16179	5591725	11213	23706	0	616	750	450	0	0
936	16180	5591730	11218	23706	0	617	750	450	0	0
937	16181	5591735	11222	23706	0	616	750	450	0	0
938	16182	5591740	11226	23706	0	615	750	450	0	0
939	16183	5591745	11229	23706	0	616	750	450	0	0
940	16184	5591750	11233	23706	0	617	750	450	0	0
941	16185	5591755	11238	23706	0	616	750	450	0	0
942	16186	5591760	11243	23706	0	616	750	450	0	0
943	16187	5591765	11248	23706	0	617	750	450	0	0
944	16188	5591770	11253	23706	0	619	750	450	0	0
945	16189	5591775	11259	23706	0	619	750	450	0	0
946	16190	5591780	11265	23706	0	619	750	420	0	0
947	16191	5591785	11272	23706	0	619	750	420	0	0
948	16192	5591790	11279	23706	0	620	750	420	0	0
949	16193	5591795	11287	23706	0	620	760	450	0	0
950	16194	5591800	11295	23706	0	620	760	450	0	0
951	16195	5591805	11303	23707	0	622	760	450	0	0
952	16196	5591810	11311	23710	0	624	760	450	0	0
953	16197	5591815	11319	23713	0	626	760	450	0	0
954	16198	5591820	11326	23717	0	625	760	450	0	0
955	16199	5591825	11334	23720	0	623	760	450	0	0
956	16200	5591830	11341	23722	0	623	760	450	0	0
957	16201	5591835	11347	23724	0	621	760	450	0	0
958	16202	5591840	11352	23726	0	620	760	450	0	0
959	16203	5591845	11358	23729	0	620	770	480	0	0
960	16204	5591850	11364	23731	0	620	770	480	0	0
961	16205	5591855	11370	23734	0	618	770	480	0	0
962	16206	5591860	11376	23736	0	616	770	450	0	0
963	16207	5591865	11383	23739	0	616	770	450	0	0
964	16208	5591870	11389	23742	0	615	770	450	0	0
965	16209	5591875	11396	23745	0	613	770	450	0	0
966	16210	5591880	11402	23748	0	609	770	450	0	0
967	16211	5591885	11409	23750	0	606	770	450	0	0
968	16212	5591890	11415	23753	0	602	770	450	0	0
969	16213	5591895	11421	23755	0	596	770	450	0	0
970	16214	5591900	11427	23758	0	588	770	450	0	0
971	16215	5591905	11432	23760	0	582	770	450	0	0
972	16216	5591910	11437	23763	0	576	770	450	0	0
973	16217	5591915	11442	23766	0	567	770	450	0	0
974	16218	5591920	11447	23768	0	556	770	450	0	0
975	16219	5591925	11452	23771	0	544	770	450	0	0
976	16220	5591930	11457	23773	0	530	770	450	0	0
977	16221	5591935	11462	23776	0	513	770	450	0	0
978	16222	5591940	11467	23778	0	495	770	450	0	0
979	16223	5591945	11472	23781	0	478	770	450	0	0
980	16224	5591950	11478	23784	0	458	770	450	0	0
981	16225	5591955	11483	23787	0	432	770	450	0	0
982	16226	5591960	11487	23790	0	401	770	450	0	0
983	16227	5591965	11490	23792	0	366	770	450	0	0
984	16228	5591970	11492	23794	0	327	770	450	0	0
985	16229	5591975	11494	23797	0	276	770	450	0	0
986	16230	5591980	11495	23800	0	208	770	450	0	0
987	16231	5591985	11495	23803	0	127	770	450	0	0
988	16232	5591990	11495	23807	0	50	770	450	0	0
989	16233	5591995	11495	23807	0	0	770	450	0	0
990	16234	5592000	11495	23814	0	0	770	450	0	0
991	16235	5592005	11495	23818	16	0	770	450	0	0
992	16236	5592010	11495	23823	28	0	770	450	0	0
993	16237	5592015	11495	23826	48	0	770	450	0	0
994	16238	5592020	11495	23833	68	0	770	420	0	0
995	16239	5592025	11495	23836	96	0	770	420	0	0
996	16240	5592030	11494	23844	124	0	770	420	0	0
997	16241	5592035	11494	23848	152	0	770	420	0	0
998	16242	5592040	11494	23857	184	0	770	420	0	0
999	16243	5592045	11494	23859	220	0	770	420	0	0
1000	16244	5592050	11494	23871	252	0	770	420	0	0
1001	16245	5592055	11494	23884	280	0	770	420	0	0
1002	16246	5592060	11494	23896	320	0	770	420	0	0
1003	16247	5592065	11494	23908	341	0	770	420	0	0
1004	16248	5592070	11494	23921	369	0	770	420	0	0
1005	16249	5592075	11494	23933	389	0	770	420	0	0
1006	16250	5592080	11494	23934	409	0	760	450	0	0
1007	16251	5592085	11498	23934	425	0	760	450	0	0
1008	16252	5592090	11501	23934	437	0	760	450	0	0
1009	16253	5592095	11505	23939	445	0	760	450	0	0
1010	16254	5592100	11508	23944	457	0	760	450	0	0
1011	16255	5592105	11511	23949	465	0	760	450	0	0
1012	16256	5592110	11516	23954	465	0	760	450	0	0
1013	16257	5592115	11516	23965	465	0	770	480	0	0
1014	16258	5592120	11516	23976	465	0	770	480	0	0
1015	16259	5592125	11517	23988	465	0	770	480	0	0
1016	16260	5592130	11517	24005	457	0	770	480	0	0
1017	16261	5592135	11517	24011	457	0	760	510	0	0
1018	16262	5592140	11517	24022	445	0	770	540	0	0
1019	16263	5592145	11517	24033	437	0	770	540	0	0
1020	16264	5592150	11517	24044	437	0	770	540	0	0
1021	16265	5592155	11515	24059	425	0	770	540	0	0
1022	16266	5592160	11507	24069	417	0	770	580	0	0
1023	16267	5592165	11499	24079	417	0	770	580	0	0
1024	16268	5592170	11491	24089	409	0	760	600	0	0
1025	16269	5592175	11482	24099	409	0	760	600	0	0
1026	16270	5592180	11473	24109	397	0	760	600	0	0
1027	16271	5592185	11464	24118	397	0	770	640	0	0
1028	16272	5592190	11455	24128	397	0	770	640	0	0
1029	16273	5592195	11447	24137	389	0	770	640	0	0
1030	16274	5592200	11439	24145	389	0	770	640	0	0
1031	16275	5592205	11431	24153	389	0	770	640	0	0
1032	16276	5592210	11424	24161	389	0	770	640	0	0
1033	16277	5592215	11413	24172	377	0	770	640	0	0
1034	16278	5592220	11406	24179	369	0	760	660	0	0
1035	16279	5592225	11400	24185	357	0	760	690	0	0
1036	16280	5592230	11394	24192	357	0	760	690	0	0
1037	16281	5592235	11388	24198	349	0	760	690	0	0
1038	16282	5592240	11382	24204	341	0	760	690	0	0
1039	16283	5592245	11373	24214	328	0	760	690	0	0
1040	16284	5592250	11366	24220	320	0	760	690	0	0
1041	16285	5592255	11359	24225	308	0	760	690	0	0
1042	16286	5592260	11350	24231	308	0	760	690	0	0
1043	16287	5592265	11346	24236	300	0	760	690	0	0
1044	16288	5592270	11335	24244	288	0	760	690	0	0
1045	16289	5592275	11328	24249	280	0	760	690	0	0
1046	16290	5592280	11320	24254	272	0	760	690	0	0
1047	16291	5592285	11311	24259	260	0	760	690	0	0
1048	16292	5592290	11298	24266	252	0	760	730	0	0
1049	16293	5592295	11290	24271	240	0	760	730	0	0
1050	16294	5592300	11281	24274	232	0	760	730	0	0
1051	16295	5592305	11269	24279	220	0	760	730	0	0
1052	16296	5592310	11260	24285	212	0	760	730	0	0
1053	16297	5592315	11252	24289	212	0	750	740	0	0
1054	16298	5592320	11243	24297	204	0	750	710	0	0
1055	16299	5592325	11230	24307	192	0	750	710	0	0
1056	16300	5592330	11226	24319	184	0	750	670	0	0
1057	16301	5592335	11218	24333	172	0	740	640	0	0
1058	16302	5592340	11211	24338	172	0	740	610	0	0
1059	16303	5592345	11204	24342	172	0	740	580	0	0
1060	16304	5592350	11198	24347	172	0	730	550	0	0
1061	16305	5592355	11188	24355	164	0	720	520	0	0
1062	16306	5592360	11183	24363	164	0	720	500	0	0
1063	16307	5592365	11178	24371	164	0	710	470	0	0
1064	16308	5592370	11175	24378	164	0	710	450	0	0
1065	16309	5592375	11172	24384	164	0	700	430	0	0
1066	16310	5592380	11170	24389	164	0	690	410	0	0
1067	16311	5592385	11168	24393	164	0	680	390	0	0
1068	16312	5592390	11167	24397	164	0	680	380	0	0
1069	16313	5592395	11166	24400	164	0	670	360	0	0
1070	16314	5592400	11166	24403	152	0	670	360	0	0
1071	16315	5592405	11166	24405	152	0	660	340	0	0
1072	16316	5592410	11166	24406	152	0	660	340	0	0
1073	16317	5592415	11166	24408	152	0	660	340	0	0
1074	16318	5592420	11166	24409	144	0	650	330	0	0
1075	16319	5592425	11166	24409	144	0	650	330	0	0
1076	16320	5592430	11166	24409	144	0	650	330	0	0
1077	16321	5592435	11166	24409	144	0	650	330	0	0
1078	16322	5592440	11166	24409	144	0	650	330	0	0
1079	16323	5592445	11166	24409	144	0	650	330	0	0
1080	16324	5592450	11166	24409	144	0	650	330	0	0
1081	16325	5592455	11166	24409	136	0	650	330	0	0
1082	16326	5592460	11166	24409	136	0	650	330	0	0
1083	16327	5592465	11166	24409	136	0	650	330	0	0
1084	16328	5592470	11166	24409	136	0	650	330	0	0
1085	16329	5592475	11166	24409	124	0	650	330	0	0
1086	16330	5592480	11166	24409	124	0	650	330	0	0
1087	16331	5592485	11166	24409	116	0	650	330	0	0
1088	16332	5592490	11166	24409	104	0	650	330	0	0
1089	16333	5592495	11166	24409	104	0	660	340	0	0
1090	16334	5592500	11166	24409	96	0	660	340	0	0
1091	16335	5592505	11166	24409	84	0	670	320	0	0
1092	16336	5592510	11166	24409	84	0	670	320	0	0
1093	16337	5592515	11166	24409	76	0	670	320	0	0
1094	16338	5592520	11166	24409	68	0	670	320	0	0
1095	16339	5592525	11166	24409	68	0	670	320	0	0
1096	16340	5592530	11166	24409	56	0	670	320	0	0
1097	16341	5592535	11166	24409	56	0	670	340	0	0
1098	16342	5592540	11166	24409	48	0	670	340	0	0
1099	16343	5592545	11166	24409	48	0	670	340	0	0
1100	16344	5592550	11166	24409	48	0	670	340	0	0
1101	16345	5592555	11166	24409	48	0	670	340	0	0
1102	16346	5592560	11166	24409	48	0	670	340	0	0
1103	16347	5592565	11166	24409	48	0	670	340	0	0
1104	16348	5592570	11165	24409	48	0	680	350	0	0
1105	16349	5592575	11164	24411	48	0	680	350	0	0
1106	16350	5592580	11163	24414	48	0	680	350	0	0
1107	16351	5592585	11162	24417	48	0	680	350	0	0
1108	16352	5592590	11162	24420	48	0	680	350	0	0
1109	16353	5592595	11161	24422	48	0	680	350	0	0
1110	16354	5592600	11159	24424	48	0	680	350	0	0
1111	16355	5592605	11159	24425	48	0	680	350	0	0
1112	16356	5592610	11157	24426	48	0	680	350	0	0
1113	16357	5592615	11156	24427	48	0	680	350	0	0
1114	16358	5592620	11155	24427	56	0	680	350	0	0
1115	16359	5592625	11153	24427	56	0	680	350	0	0
1116	16360	5592630	11151	24428	56	0	680	350	0	0
1117	16361	5592635	11149	24428	48	0	680	350	0	0
1118	16362	5592640	11148	24429	56	0	680	350	0	0
1119	16363	5592645	11146	24430	56	0	680	350	0	0
1120	16364	5592650	11143	24431	56	0	680	350	0	0
1121	16365	5592655	11141	24433	56	0	680	350	0	0
1122	16366	5592660	11139	24435	48	0	680	350	0	0
1123	16367	5592665	11137	24436	48	0	680	350	0	0
1124	16368	5592670	11134	24437	48	0	680	350	0	0
1125	16369	5592675	11131	24439	48	0	680	350	0	0
1126	16370	5592680	11129	24439	48	0	680	350	0	0
1127	16371	5592685	11127	24440	48	0	680	350	0	0
1128	16372	5592690	11124	24440	48	0	680	350	0	0
1129	16373	5592695	11121	24440	36	0	680	350	0	0
1130	16374	5592700	11119	24440	36	0	680	350	0	0
1131	16375	5592705	11117	24440	36	0	680	380	0	0
1132	16376	5592710	11116	24440	28	0	680	380	0	0
1133	16377	5592715	11115	24440	28	0	680	380	0	0
1134	16378	5592720	11114	24440	16	0	680	380	0	0
1135	16379	5592725	11113	24440	16	0	680	380	0	0
1136	16380	5592730	11112	24440	8	0	680	380	0	0
1137	16381	5592735	11111	24439	0	0	680	380	0	0
1138	16382	5592740	11110	24437	0	0	680	380	0	0
1139	16383	5592745	11108	24436	0	0	680	380	0	0
1140	16384	5592750	11106	24436	0	0	680	380	0	0
1141	16385	5592755	11104	24436	0	0	680	380	0	0
1142	16386	5592760	11103	24436	0	0	680	380	0	0
1143	16387	5592765	11101	24436	0	0	680	380	0	0
1144	16388	5592776	11100	24436	0	1	680	390	0	0
1145	16389	5592781	11099	24436	0	5	680	390	0	0
1146	16390	5592786	11098	24436	0	13	680	390	0	0
1147	16391	5592791	11098	24436	0	17	680	390	0	0
1148	16392	5592796	11098	24436	0	19	680	390	0	0
1149	16393	5592801	11098	24436	0	24	680	390	0	0
1150	16394	5592806	11098	24436	0	31	690	370	0	0
1151	16395	5592811	11098	24436	0	42	690	370	0	0
1152	16396	5592816	11098	24436	0	58	690	370	0	0
1153	16397	5592821	11098	24436	0	81	690	370	0	0
1154	16398	5592826	11098	24436	0	108	690	370	0	0
1155	16399	5592831	11098	24436	0	141	690	370	0	0
1156	16400	5592836	11098	24436	0	180	690	370	0	0
1157	16401	5592841	11098	24436	0	223	690	370	0	0
1158	16402	5592846	11097	24436	0	270	690	370	0	0
1159	16403	5592851	11096	24436	0	316	690	370	0	0
1160	16404	5592856	11095	24436	0	354	690	370	0	0
1161	16405	5592861	11095	24436	0	397	690	370	0	0
1162	16406	5592866	11095	24436	0	434	690	370	0	0
1163	16407	5592871	11095	24436	0	468	700	350	0	0
1164	16408	5592876	11095	24436	0	498	700	370	0	0
1165	16409	5592881	11095	24436	0	522	700	370	0	0
1166	16410	5592886	11095	24436	0	541	700	370	0	0
1167	16411	5592891	11095	24436	0	559	700	370	0	0
1168	16412	5592896	11095	24436	0	577	700	370	0	0
1169	16413	5592901	11095	24433	0	590	700	370	0	0
1170	16414	5592906	11095	24430	0	601	700	370	0	0
1171	16415	5592911	11095	24427	0	614	700	370	0	0
1172	16416	5592916	11095	24424	0	624	700	370	0	0
1173	16417	5592921	11095	24422	0	631	700	370	0	0
1174	16418	5592926	11095	24419	0	637	700	370	0	0
1175	16419	5592931	11095	24417	0	643	700	370	0	0
1176	16420	5592936	11098	24416	0	647	700	370	0	0
1177	16421	5592941	11101	24414	0	650	710	340	0	0
1178	16422	5592946	11105	24413	0	651	710	340	0	0
1179	16423	5592951	11108	24412	0	653	710	340	0	0
1180	16424	5592956	11113	24411	0	655	710	340	0	0
1181	16425	5592961	11118	24410	0	657	710	340	0	0
1182	16426	5592966	11124	24409	0	658	710	340	0	0
1183	16427	5592971	11130	24409	0	661	710	340	0	0
1184	16428	5592976	11136	24409	0	664	710	340	0	0
1185	16429	5592981	11142	24408	0	663	710	320	0	0
1186	16430	5592986	11148	24408	0	664	710	320	0	0
1187	16431	5592991	11154	24408	0	665	710	320	0	0
1188	16432	5592996	11160	24408	0	666	710	320	0	0
1189	16433	5593001	11166	24408	0	666	710	320	0	0
1190	16434	5593006	11171	24408	0	668	710	320	0	0
1191	16435	5593011	11176	24408	0	671	710	320	0	0
1192	16436	5593016	11182	24408	0	676	710	320	0	0
1193	16437	5593021	11186	24408	0	677	710	320	0	0
1194	16438	5593026	11191	24408	0	678	710	320	0	0
1195	16439	5593031	11196	24408	0	681	710	320	0	0
1196	16440	5593036	11202	24408	0	682	710	320	0	0
1197	16441	5593041	11208	24408	0	682	720	330	0	0
1198	16442	5593046	11215	24408	0	681	720	330	0	0
1199	16443	5593051	11224	24408	0	683	730	310	0	0
1200	16444	5593056	11232	24408	0	685	730	310	0	0
1201	16445	5593061	11241	24410	0	687	730	310	0	0
1202	16446	5593066	11250	24411	0	690	730	310	0	0
1203	16447	5593071	11259	24413	0	692	730	310	0	0
1204	16448	5593076	11267	24416	0	693	730	310	0	0
1205	16449	5593081	11276	24417	0	692	730	310	0	0
1206	16450	5593086	11285	24419	0	691	730	310	0	0
1207	16451	5593091	11293	24420	0	692	730	280	0	0
1208	16452	5593096	11302	24421	0	693	730	280	0	0
1209	16453	5593101	11311	24422	0	692	730	280	0	0
1210	16454	5593106	11321	24423	0	691	730	280	0	0
1211	16455	5593111	11330	24423	0	692	730	280	0	0
1212	16456	5593116	11340	24423	0	692	730	280	0	0
1213	16457	5593121	11348	24424	0	690	730	280	0	0
1214	16458	5593126	11357	24424	0	688	740	250	0	0
1215	16459	5593131	11365	24424	0	687	740	250	0	0
1216	16460	5593136	11374	24424	0	685	740	250	0	0
1217	16461	5593141	11383	24424	0	681	740	250	0	0
1218	16462	5593146	11391	24424	0	678	740	250	0	0
1219	16463	5593151	11400	24424	0	677	740	250	0	0
1220	16464	5593156	11408	24424	0	673	740	250	0	0
1221	16465	5593161	11417	24424	0	663	740	250	0	0
1222	16466	5593166	11424	24424	0	651	740	210	0	0
1223	16467	5593171	11431	24424	0	636	740	210	0	0
1224	16468	5593176	11436	24424	0	618	740	210	0	0
1225	16469	5593181	11441	24424	0	596	740	210	0	0
1226	16470	5593186	11444	24424	0	573	740	210	0	0
1227	16471	5593191	11448	24424	0	548	740	210	0	0
1228	16472	5593196	11450	24424	0	520	740	210	0	0
1229	16473	5593201	11452	24424	0	484	740	210	0	0
1230	16474	5593206	11453	24424	0	443	740	210	0	0
1231	16475	5593211	11453	24424	0	398	740	210	0	0
1232	16476	5593216	11453	24424	0	348	740	210	0	0
1233	16477	5593221	11453	24424	0	282	740	210	0	0
1234	16478	5593226	11453	24424	0	185	740	210	0	0
1235	16479	5593231	11453	24424	0	82	740	210	0	0
1236	16480	5593236	11453	24424	0	0	740	210	0	0
1237	16481	5593241	11448	24422	0	0	740	210	0	0
1238	16482	5593246	11440	24420	20	0	740	210	0	0
1239	16483	5593251	11434	24418	40	0	740	210	0	0
1240	16484	5593256	11432	24418	72	0	740	210	0	0
1241	16485	5593261	11431	24418	112	0	730	200	0	0
1242	16486	5593266	11431	24418	152	0	730	230	0	0
1243	16487	5593271	11427	24418	192	0	730	230	0	0
1244	16488	5593276	11427	24418	236	0	720	220	0	0
1245	16489	5593281	11427	24424	276	0	720	220	0	0
1246	16490	5593286	11427	24435	316	0	710	210	0	0
1247	16491	5593291	11436	24448	361	0	710	210	0	0
1248	16492	5593296	11448	24463	389	0	700	200	0	0
1249	16493	5593301	11450	24478	433	0	700	200	0	0
1250	16494	5593306	11469	24493	461	0	690	210	0	0
1251	16495	5593311	11469	24493	493	0	680	200	0	0
1252	16496	5593316	11470	24514	513	0	680	200	0	0
1253	16497	5593321	11470	24514	513	0	680	200	0	0
1254	16497	5593321	11470	24514	513	0	680	200	0	0
1255	16497	5593321	11470	24514	513	0	680	200	0	0
1256	16497	5593321	11470	24514	513	0	680	200	0	0
1257	16497	5593321	11470	24514	513	0	680	200	0	0
1258	16497	5593321	11470	24514	513	0	680	200	0	0
