Temps de latence : 2578 ms

N°Pt	SN	T	X	Y	Z	P	Alt	Azi	Twi	Lever
1	19218	5801901	35988	24014	625	0	630	1060	0	0
2	19219	5801906	35987	24014	625	0	630	1060	0	0
3	19220	5801911	35987	24014	625	0	630	1060	0	0
4	19221	5801916	35987	24014	625	0	630	1060	0	0
5	19222	5801921	35986	24014	625	0	630	1060	0	0
6	19223	5801926	35986	24014	625	0	630	1060	0	0
7	19224	5801931	35985	24013	625	0	630	1060	0	0
8	19225	5801936	35985	24011	625	0	630	1060	0	0
9	19226	5801941	35984	24009	625	0	630	1060	0	0
10	19227	5801946	35984	24006	625	0	630	1060	0	0
11	19228	5801951	35983	24004	625	0	630	1060	0	0
12	19229	5801956	35983	24002	625	0	630	1060	0	0
13	19230	5801961	35982	24000	625	0	630	1060	0	0
14	19231	5801966	35982	23998	625	0	630	1060	0	0
15	19232	5801971	35982	23997	625	0	620	1050	0	0
16	19233	5801976	35982	23995	625	0	620	1050	0	0
17	19234	5801981	35982	23994	625	0	620	1050	0	0
18	19235	5801986	35982	23993	625	0	620	1050	0	0
19	19236	5801991	35982	23992	625	0	620	1050	0	0
20	19237	5801996	35982	23992	625	0	620	1050	0	0
21	19238	5802001	35982	23991	625	0	620	1050	0	0
22	19239	5802006	35982	23991	625	0	620	1050	0	0
23	19240	5802011	35982	23991	625	0	620	1050	0	0
24	19241	5802016	35982	23991	625	0	620	1050	0	0
25	19242	5802021	35981	23991	625	0	620	1050	0	0
26	19243	5802026	35981	23991	625	0	620	1050	0	0
27	19244	5802031	35981	23991	625	0	620	1050	0	0
28	19245	5802036	35981	23991	625	0	620	1050	0	0
29	19246	5802041	35981	23991	625	0	620	1050	0	0
30	19247	5802046	35981	23991	625	0	620	1050	0	0
31	19248	5802051	35981	23991	625	0	620	1050	0	0
32	19249	5802056	35981	23991	625	0	620	1050	0	0
33	19250	5802061	35981	23991	625	0	620	1050	0	0
34	19251	5802066	35981	23991	625	0	620	1050	0	0
35	19252	5802071	35981	23991	625	0	620	1050	0	0
36	19253	5802076	35981	23991	625	0	620	1050	0	0
37	19254	5802081	35981	23991	625	0	620	1050	0	0
38	19255	5802086	35981	23991	625	0	620	1050	0	0
39	19256	5802091	35981	23991	625	0	620	1050	0	0
40	19257	5802096	35981	23991	625	0	620	1050	0	0
41	19258	5802101	35981	23991	617	0	620	1050	0	0
42	19259	5802106	35981	23991	617	0	630	1060	0	0
43	19260	5802111	35981	23991	617	0	630	1060	0	0
44	19261	5802116	35981	23991	617	0	630	1060	0	0
45	19262	5802121	35981	23991	617	0	630	1060	0	0
46	19263	5802126	35981	23992	617	0	630	1060	0	0
47	19264	5802131	35980	23994	617	0	630	1060	0	0
48	19265	5802136	35980	23995	617	0	630	1060	0	0
49	19266	5802141	35980	23997	625	0	630	1060	0	0
50	19267	5802146	35980	23999	625	0	630	1060	0	0
51	19268	5802151	35980	24001	625	0	630	1060	0	0
52	19269	5802156	35980	24003	625	0	630	1060	0	0
53	19270	5802161	35980	24005	625	0	630	1060	0	0
54	19271	5802166	35980	24006	625	0	630	1060	0	0
55	19272	5802171	35980	24008	625	0	630	1060	0	0
56	19273	5802176	35980	24009	625	0	630	1060	0	0
57	19274	5802181	35980	24010	625	0	630	1060	0	0
58	19275	5802186	35980	24011	625	0	630	1060	0	0
59	19276	5802191	35980	24012	625	0	630	1060	0	0
60	19277	5802196	35980	24013	625	0	630	1060	0	0
61	19278	5802201	35980	24014	625	0	630	1060	0	0
62	19279	5802206	35980	24014	625	0	630	1060	0	0
63	19280	5802211	35980	24015	625	0	630	1060	0	0
64	19281	5802216	35980	24016	625	0	630	1060	0	0
65	19282	5802221	35980	24016	625	0	630	1060	0	0
66	19283	5802226	35980	24016	617	0	630	1060	0	0
67	19284	5802231	35980	24016	617	0	630	1060	0	0
68	19285	5802236	35980	24016	617	0	630	1060	0	0
69	19286	5802241	35980	24016	617	0	630	1060	0	0
70	19287	5802246	35980	24016	609	0	630	1060	0	0
71	19288	5802251	35980	24016	609	0	630	1060	0	0
72	19289	5802256	35980	24016	609	0	630	1060	0	0
73	19290	5802261	35980	24016	609	0	630	1060	0	0
74	19291	5802266	35980	24016	609	0	630	1060	0	0
75	19292	5802271	35980	24016	609	0	630	1060	0	0
76	19293	5802276	35980	24016	609	0	630	1060	0	0
77	19294	5802281	35980	24016	609	0	630	1060	0	0
78	19295	5802286	35980	24016	609	0	630	1060	0	0
79	19296	5802291	35980	24016	609	0	630	1060	0	0
80	19297	5802296	35980	24016	609	0	630	1060	0	0
81	19298	5802301	35980	24016	609	0	630	1060	0	0
82	19299	5802306	35980	24016	609	0	630	1060	0	0
83	19300	5802311	35980	24016	609	0	630	1060	0	0
84	19301	5802316	35980	24016	609	0	630	1060	0	0
85	19302	5802321	35980	24016	609	0	630	1060	0	0
86	19303	5802326	35980	24018	617	0	630	1060	0	0
87	19304	5802331	35980	24019	617	0	630	1060	0	0
88	19305	5802336	35980	24021	617	0	630	1060	0	0
89	19306	5802341	35980	24023	617	0	630	1060	0	0
90	19307	5802346	35980	24026	617	0	630	1060	0	0
91	19308	5802351	35980	24028	625	0	630	1060	0	0
92	19309	5802356	35980	24030	625	0	630	1060	0	0
93	19310	5802361	35980	24033	625	0	630	1060	0	0
94	19311	5802366	35980	24035	625	0	630	1060	0	0
95	19312	5802371	35980	24037	625	0	630	1060	0	0
96	19313	5802376	35980	24040	625	0	630	1080	0	0
97	19314	5802381	35980	24043	625	0	630	1080	0	0
98	19315	5802386	35980	24046	625	0	630	1080	0	0
99	19316	5802391	35980	24048	625	0	630	1080	0	0
100	19317	5802396	35981	24051	625	0	630	1080	0	0
101	19318	5802401	35983	24053	625	0	630	1080	0	0
102	19319	5802406	35984	24056	625	0	630	1080	0	0
103	19320	5802411	35985	24058	625	0	630	1080	0	0
104	19321	5802416	35987	24060	625	0	630	1080	0	0
105	19322	5802421	35988	24061	625	0	630	1080	0	0
106	19323	5802426	35989	24062	625	0	630	1080	0	0
107	19324	5802431	35989	24063	625	0	630	1080	0	0
108	19325	5802436	35990	24064	637	0	630	1100	0	0
109	19326	5802441	35991	24065	637	0	630	1100	0	0
110	19327	5802446	35991	24066	637	0	630	1100	0	0
111	19328	5802451	35992	24067	637	0	630	1100	0	0
112	19329	5802456	35992	24067	645	0	630	1100	0	0
113	19330	5802461	35992	24067	645	0	630	1100	0	0
114	19331	5802466	35992	24067	645	0	630	1100	0	0
115	19332	5802471	35992	24067	645	0	630	1100	0	0
116	19333	5802476	35992	24067	645	0	630	1100	0	0
117	19334	5802481	35992	24067	645	0	630	1100	0	0
118	19335	5802486	35992	24067	645	0	630	1100	0	0
119	19336	5802491	35992	24067	645	0	630	1100	0	0
120	19337	5802496	35992	24067	637	0	630	1100	0	0
121	19338	5802501	35992	24067	637	0	630	1100	0	0
122	19339	5802506	35992	24067	637	0	630	1080	0	0
123	19340	5802511	35992	24067	637	0	630	1080	0	0
124	19341	5802516	35992	24067	637	0	630	1080	0	0
125	19342	5802521	35992	24067	637	0	630	1080	0	0
126	19343	5802526	35992	24065	625	0	630	1080	0	0
127	19344	5802531	35992	24063	625	0	630	1080	0	0
128	19345	5802536	35992	24060	625	0	630	1080	0	0
129	19346	5802541	35992	24057	625	0	630	1080	0	0
130	19347	5802546	35992	24053	625	0	630	1080	0	0
131	19348	5802551	35992	24050	625	0	630	1080	0	0
132	19349	5802556	35992	24048	625	0	630	1080	0	0
133	19350	5802561	35992	24045	625	0	630	1080	0	0
134	19351	5802566	35992	24042	625	0	630	1080	0	0
135	19352	5802571	35992	24040	625	0	630	1080	0	0
136	19353	5802576	35992	24037	625	0	630	1080	0	0
137	19354	5802581	35992	24035	625	0	630	1080	0	0
138	19355	5802586	35992	24032	625	0	630	1080	0	0
139	19356	5802591	35992	24030	625	0	630	1080	0	0
140	19357	5802596	35992	24028	625	0	630	1080	0	0
141	19358	5802601	35992	24026	625	0	630	1080	0	0
142	19359	5802606	35992	24025	625	0	630	1080	0	0
143	19360	5802611	35992	24024	625	0	630	1080	0	0
144	19361	5802616	35992	24024	625	0	630	1080	0	0
145	19362	5802621	35992	24023	625	0	630	1080	0	0
146	19363	5802626	35992	24023	625	0	630	1080	0	0
147	19364	5802631	35992	24022	625	0	630	1080	0	0
148	19365	5802636	35992	24022	625	0	630	1080	0	0
149	19366	5802641	35992	24022	625	0	630	1080	0	0
150	19367	5802646	35992	24022	625	0	630	1080	0	0
151	19368	5802651	35992	24022	625	0	630	1080	0	0
152	19369	5802656	35992	24022	625	0	630	1080	0	0
153	19370	5802661	35992	24022	625	0	630	1080	0	0
154	19371	5802666	35992	24022	625	0	630	1080	0	0
155	19372	5802671	35992	24022	625	0	630	1080	0	0
156	19373	5802676	35992	24022	625	0	630	1080	0	0
157	19374	5802681	35992	24022	625	0	630	1080	0	0
158	19375	5802686	35992	24022	637	0	630	1080	0	0
159	19376	5802691	35992	24022	637	0	630	1080	0	0
160	19377	5802696	35992	24022	637	0	630	1080	0	0
161	19378	5802701	35992	24022	637	0	630	1080	0	0
162	19379	5802706	35992	24022	637	0	630	1080	0	0
163	19380	5802711	35992	24022	645	0	630	1080	0	0
164	19381	5802716	35992	24022	645	0	630	1080	0	0
165	19382	5802721	35992	24024	645	0	630	1080	0	0
166	19383	5802726	35992	24026	645	0	630	1100	0	0
167	19384	5802731	35992	24028	645	0	630	1100	0	0
168	19385	5802736	35992	24030	645	0	630	1100	0	0
169	19386	5802741	35992	24033	645	0	630	1100	0	0
170	19387	5802746	35992	24035	645	0	630	1100	0	0
171	19388	5802751	35992	24037	645	0	630	1100	0	0
172	19389	5802756	35992	24039	645	0	630	1100	0	0
173	19390	5802761	35992	24042	645	0	630	1100	0	0
174	19391	5802766	35992	24043	645	0	630	1100	0	0
175	19392	5802771	35992	24045	645	0	630	1100	0	0
176	19393	5802776	35992	24047	645	0	630	1100	0	0
177	19394	5802781	35992	24048	645	0	630	1100	0	0
178	19395	5802786	35992	24050	645	0	630	1100	0	0
179	19396	5802791	35993	24051	645	0	630	1100	0	0
180	19397	5802796	35993	24053	645	0	630	1100	0	0
181	19398	5802801	35994	24054	645	0	630	1100	0	0
182	19399	5802806	35994	24055	645	0	630	1100	0	0
183	19400	5802811	35995	24056	645	0	630	1100	0	0
184	19401	5802816	35995	24057	645	0	630	1100	0	0
185	19402	5802821	35995	24058	645	0	630	1100	0	0
186	19403	5802826	35995	24059	645	0	630	1100	0	0
187	19404	5802831	35995	24060	645	0	630	1100	0	0
188	19405	5802836	35995	24060	645	0	630	1100	0	0
189	19406	5802841	35995	24061	645	0	630	1100	0	0
190	19407	5802846	35995	24061	645	0	620	1090	0	0
191	19408	5802851	35995	24062	645	0	620	1090	0	0
192	19409	5802856	35995	24062	645	0	610	1110	0	0
193	19410	5802861	35995	24062	645	0	610	1110	0	0
194	19411	5802866	35995	24062	645	0	610	1110	0	0
195	19412	5802871	35995	24062	645	0	610	1110	0	0
196	19413	5802876	35995	24062	645	0	610	1110	0	0
197	19414	5802881	35995	24063	645	0	610	1110	0	0
198	19415	5802886	35995	24063	645	0	610	1110	0	0
199	19416	5802891	35995	24063	645	0	610	1110	0	0
200	19417	5802896	35995	24063	645	0	610	1110	0	0
201	19418	5802901	35995	24064	645	0	610	1110	0	0
202	19419	5802906	35995	24064	645	0	610	1110	0	0
203	19420	5802911	35995	24064	645	0	610	1110	0	0
204	19421	5802916	35995	24065	645	0	610	1110	0	0
205	19422	5802921	35995	24065	645	0	610	1110	0	0
206	19423	5802926	35995	24066	645	0	610	1110	0	0
207	19424	5802931	35995	24066	645	0	610	1110	0	0
208	19425	5802936	35995	24066	645	0	610	1110	0	0
209	19426	5802941	35995	24067	645	0	610	1110	0	0
210	19427	5802946	35995	24067	645	0	610	1110	0	0
211	19428	5802951	35995	24067	645	0	610	1110	0	0
212	19429	5802956	35995	24067	645	0	610	1110	0	0
213	19430	5802961	35995	24067	645	0	610	1110	0	0
214	19431	5802966	35995	24067	645	0	610	1110	0	0
215	19432	5802971	35995	24067	645	0	610	1110	0	0
216	19433	5802976	35995	24067	645	0	610	1110	0	0
217	19434	5802981	35995	24067	645	0	610	1110	0	0
218	19435	5802986	35995	24067	645	0	610	1110	0	0
219	19436	5802991	35995	24067	645	0	610	1110	0	0
220	19437	5802996	35995	24067	645	0	610	1110	0	0
221	19438	5803001	35995	24067	645	0	610	1110	0	0
222	19439	5803006	35995	24068	657	0	610	1110	0	0
223	19440	5803011	35995	24068	657	0	610	1110	0	0
224	19441	5803016	35995	24068	657	0	610	1110	0	0
225	19442	5803021	35995	24068	657	0	610	1110	0	0
226	19443	5803026	35995	24068	665	0	610	1110	0	0
227	19444	5803031	35995	24068	665	0	610	1110	0	0
228	19445	5803036	35995	24068	665	0	610	1110	0	0
229	19446	5803041	35995	24068	665	0	610	1110	0	0
230	19447	5803046	35995	24068	665	0	610	1110	0	0
231	19448	5803051	35995	24068	665	0	610	1110	0	0
232	19449	5803056	35995	24068	665	0	610	1110	0	0
233	19449	5803056	35995	24068	665	0	610	1110	0	0
234	19449	5803056	35995	24068	665	0	610	1110	0	0
235	19449	5803056	35995	24068	665	0	610	1110	0	0
236	19449	5803056	35995	24068	665	0	610	1110	0	0
237	19449	5803056	35995	24068	665	0	610	1110	0	0
238	19449	5803056	35995	24068	665	0	610	1110	0	0
239	19449	5803056	35995	24068	665	0	610	1110	0	0
240	19449	5803056	35995	24068	665	0	610	1110	0	0
241	19449	5803056	35995	24068	665	0	610	1110	0	0
242	19450	5803117	35995	24077	665	0	600	1150	0	0
243	19451	5803122	35995	24080	706	0	600	1150	0	0
244	19452	5803127	35995	24083	706	0	600	1150	0	0
245	19453	5803132	35995	24087	706	0	600	1150	0	0
246	19454	5803137	35995	24089	714	0	600	1150	0	0
247	19455	5803142	35995	24091	714	0	600	1150	0	0
248	19456	5803147	35995	24094	714	0	600	1150	0	0
249	19457	5803152	35995	24096	714	0	600	1150	0	0
250	19458	5803157	35995	24100	714	0	600	1150	0	0
251	19459	5803162	35995	24103	714	0	600	1150	0	0
252	19460	5803167	35995	24107	726	0	600	1150	0	0
253	19461	5803172	35995	24112	726	0	600	1150	0	0
254	19462	5803177	35995	24117	726	0	600	1150	0	0
255	19463	5803182	35995	24122	734	0	600	1150	0	0
256	19464	5803187	35995	24128	734	0	600	1150	0	0
257	19465	5803192	35995	24134	746	0	600	1150	0	0
258	19466	5803197	35995	24139	746	0	600	1150	0	0
259	19467	5803202	35995	24143	754	0	600	1150	0	0
260	19468	5803207	35995	24146	754	0	600	1150	0	0
261	19469	5803212	35995	24147	754	0	590	1170	0	0
262	19470	5803217	35995	24148	754	0	590	1170	0	0
263	19471	5803222	35995	24148	766	0	590	1170	0	0
264	19472	5803227	35995	24148	766	0	590	1180	0	0
265	19473	5803232	35995	24148	766	0	590	1180	0	0
266	19474	5803237	35995	24149	766	0	590	1180	0	0
267	19475	5803242	35994	24153	766	0	590	1180	0	0
268	19476	5803247	35991	24158	766	0	580	1200	0	0
269	19477	5803252	35988	24163	766	0	580	1200	0	0
270	19478	5803257	35984	24168	766	0	580	1200	0	0
271	19479	5803262	35980	24172	766	0	580	1200	0	0
272	19480	5803267	35976	24177	754	0	580	1210	0	0
273	19481	5803272	35972	24181	754	0	580	1210	0	0
274	19482	5803277	35967	24184	754	0	580	1210	0	0
275	19483	5803282	35962	24187	754	0	570	1200	0	0
276	19484	5803287	35957	24189	746	0	570	1200	0	0
277	19485	5803292	35951	24190	746	0	570	1200	0	0
278	19486	5803297	35945	24191	746	0	570	1220	0	0
279	19487	5803302	35939	24191	746	0	570	1200	0	0
280	19488	5803307	35933	24191	746	0	570	1200	0	0
281	19489	5803312	35927	24191	746	0	570	1200	0	0
282	19490	5803317	35921	24191	746	0	570	1200	0	0
283	19491	5803322	35915	24191	746	0	570	1200	0	0
284	19492	5803327	35910	24188	746	0	560	1190	0	0
285	19493	5803332	35905	24178	746	0	570	1180	0	0
286	19494	5803337	35901	24164	746	0	570	1180	0	0
287	19495	5803342	35897	24147	734	0	570	1180	0	0
288	19496	5803347	35894	24126	734	0	570	1160	0	0
289	19497	5803352	35892	24100	734	0	570	1160	0	0
290	19498	5803357	35891	24069	726	0	580	1150	0	0
291	19499	5803362	35891	24035	726	0	580	1150	0	0
292	19500	5803367	35890	23997	714	0	580	1130	0	0
293	19501	5803372	35890	23955	706	0	580	1120	0	0
294	19502	5803377	35890	23912	698	0	580	1120	0	0
295	19503	5803382	35890	23868	698	0	580	1100	0	0
296	19504	5803387	35890	23826	686	0	590	1090	0	0
297	19505	5803392	35890	23826	665	0	590	1070	0	0
298	19506	5803397	35894	23789	657	0	600	1080	0	0
299	19507	5803402	35900	23789	645	0	600	1060	0	0
300	19508	5803407	35911	23789	637	0	600	1040	0	0
301	19509	5803412	35919	23789	625	0	600	1020	0	0
302	19510	5803417	35928	23791	617	0	600	1020	0	0
303	19511	5803422	35937	23791	597	0	620	1010	0	0
304	19512	5803427	35951	23791	589	0	620	990	0	0
305	19513	5803432	35960	23776	577	0	620	990	0	0
306	19514	5803437	35969	23755	569	0	630	980	0	0
307	19515	5803442	35983	23739	549	0	630	980	0	0
308	19516	5803447	35989	23739	537	0	630	960	0	0
309	19517	5803452	35995	23734	529	0	630	960	0	0
310	19518	5803457	36000	23734	517	0	640	960	0	0
311	19519	5803462	36007	23734	509	0	640	960	0	0
312	19520	5803467	36009	23734	489	0	640	960	0	0
313	19521	5803472	36009	23739	481	0	640	960	0	0
314	19522	5803477	36009	23747	469	0	640	960	0	0
315	19523	5803482	36009	23754	461	0	650	960	0	0
316	19524	5803487	36009	23766	449	0	650	960	0	0
317	19525	5803492	36009	23779	441	0	650	960	0	0
318	19526	5803497	36009	23792	429	0	650	960	0	0
319	19527	5803502	36008	23804	429	0	650	960	0	0
320	19528	5803507	35999	23825	421	0	650	960	0	0
321	19529	5803512	35991	23835	421	0	650	960	0	0
322	19530	5803517	35984	23844	409	0	650	960	0	0
323	19531	5803522	35977	23852	409	0	650	960	0	0
324	19532	5803527	35971	23858	409	0	650	960	0	0
325	19533	5803532	35966	23862	409	0	650	960	0	0
326	19534	5803537	35961	23865	409	0	650	960	0	0
327	19535	5803542	35957	23866	409	0	650	960	0	0
328	19536	5803547	35954	23867	409	0	650	960	0	0
329	19537	5803552	35953	23867	409	0	650	960	0	0
330	19538	5803557	35952	23867	409	0	650	960	0	0
331	19539	5803562	35952	23867	409	0	650	960	0	0
332	19540	5803567	35952	23866	409	0	650	960	0	0
333	19541	5803572	35952	23861	401	0	650	960	0	0
334	19542	5803577	35952	23853	401	0	650	960	0	0
335	19543	5803582	35952	23844	393	0	650	960	0	0
336	19544	5803587	35952	23835	393	0	650	960	0	0
337	19545	5803592	35961	23820	381	0	650	960	0	0
338	19546	5803597	35968	23811	373	0	650	960	0	0
339	19547	5803602	35976	23801	361	0	650	960	0	0
340	19548	5803607	35984	23792	353	0	660	970	0	0
341	19549	5803612	35991	23784	341	0	660	970	0	0
342	19550	5803617	36004	23771	332	0	660	970	0	0
343	19551	5803622	36011	23764	320	0	660	970	0	0
344	19552	5803627	36018	23758	312	0	660	970	0	0
345	19553	5803632	36025	23752	304	0	660	940	0	0
346	19554	5803637	36036	23744	292	0	660	940	0	0
347	19555	5803642	36042	23741	292	0	670	950	0	0
348	19556	5803647	36048	23737	284	0	670	950	0	0
349	19557	5803652	36053	23734	272	0	670	950	0	0
350	19558	5803657	36059	23731	264	0	670	950	0	0
351	19559	5803662	36064	23729	264	0	670	950	0	0
352	19560	5803667	36072	23725	252	0	680	950	0	0
353	19561	5803672	36077	23723	244	0	680	950	0	0
354	19562	5803677	36082	23721	244	0	680	950	0	0
355	19563	5803682	36087	23718	232	0	680	920	0	0
356	19564	5803687	36092	23716	224	0	680	920	0	0
357	19565	5803692	36098	23713	224	0	690	930	0	0
358	19566	5803697	36106	23710	212	0	690	930	0	0
359	19567	5803702	36111	23708	212	0	690	930	0	0
360	19568	5803707	36117	23706	212	0	690	930	0	0
361	19569	5803712	36122	23705	212	0	690	930	0	0
362	19570	5803717	36127	23703	212	0	690	930	0	0
363	19571	5803722	36132	23702	212	0	690	930	0	0
364	19572	5803727	36137	23701	212	0	690	930	0	0
365	19573	5803732	36141	23699	204	0	690	900	0	0
366	19574	5803737	36146	23698	204	0	690	900	0	0
367	19575	5803742	36150	23697	204	0	690	900	0	0
368	19576	5803747	36154	23697	204	0	690	900	0	0
369	19577	5803752	36158	23697	196	0	690	900	0	0
370	19578	5803757	36160	23696	196	0	690	900	0	0
371	19579	5803762	36163	23696	196	0	690	900	0	0
372	19580	5803767	36165	23696	184	0	690	900	0	0
373	19581	5803772	36167	23696	184	0	690	900	0	0
374	19582	5803777	36169	23696	184	0	700	900	0	0
375	19583	5803782	36171	23696	176	0	700	900	0	0
376	19584	5803787	36172	23696	176	0	700	900	0	0
377	19585	5803792	36173	23696	164	0	700	900	0	0
378	19586	5803797	36174	23696	156	0	700	900	0	0
379	19587	5803802	36174	23696	156	0	700	900	0	0
380	19588	5803807	36175	23696	144	0	700	900	0	0
381	19589	5803812	36175	23701	144	0	700	900	0	0
382	19590	5803817	36175	23704	136	0	700	900	0	0
383	19591	5803822	36176	23711	136	0	700	900	0	0
384	19592	5803827	36176	23714	136	0	700	900	0	0
385	19593	5803832	36176	23723	136	0	700	900	0	0
386	19594	5803837	36176	23733	136	0	700	900	0	0
387	19595	5803842	36177	23737	136	0	700	900	0	0
388	19596	5803847	36177	23749	136	0	700	900	0	0
389	19597	5803852	36178	23753	136	0	700	900	0	0
390	19598	5803857	36179	23765	136	0	700	900	0	0
391	19599	5803862	36180	23769	136	0	700	900	0	0
392	19600	5803867	36181	23773	136	0	700	900	0	0
393	19601	5803872	36183	23781	136	0	700	900	0	0
394	19602	5803877	36184	23789	144	0	700	900	0	0
395	19603	5803882	36185	23801	144	0	700	900	0	0
396	19604	5803887	36186	23804	144	0	700	900	0	0
397	19605	5803892	36187	23812	136	0	700	900	0	0
398	19606	5803897	36188	23818	136	0	700	900	0	0
399	19607	5803902	36188	23825	136	0	700	900	0	0
400	19608	5803907	36188	23831	136	0	700	900	0	0
401	19609	5803912	36188	23837	136	0	700	900	0	0
402	19610	5803917	36188	23842	136	0	700	900	0	0
403	19611	5803922	36188	23847	136	0	700	900	0	0
404	19612	5803927	36188	23852	136	0	700	900	0	0
405	19613	5803932	36188	23856	136	0	700	900	0	0
406	19614	5803937	36188	23859	136	0	700	900	0	0
407	19615	5803942	36188	23863	136	0	690	900	0	0
408	19616	5803947	36185	23866	136	0	690	900	0	0
409	19617	5803952	36181	23868	136	0	690	900	0	0
410	19618	5803957	36177	23870	136	0	690	900	0	0
411	19619	5803962	36173	23872	136	0	690	900	0	0
412	19620	5803967	36169	23873	144	0	690	900	0	0
413	19621	5803972	36165	23873	144	0	690	900	0	0
414	19622	5803977	36160	23873	144	0	690	900	0	0
415	19623	5803982	36155	23873	144	0	690	900	0	0
416	19624	5803987	36149	23873	156	0	690	900	0	0
417	19625	5803992	36147	23873	156	0	690	900	0	0
418	19626	5803997	36143	23873	156	0	690	900	0	0
419	19627	5804002	36139	23873	156	0	690	900	0	0
420	19628	5804007	36135	23873	156	0	690	900	0	0
421	19629	5804012	36131	23873	156	0	690	900	0	0
422	19630	5804017	36127	23873	156	0	690	900	0	0
423	19631	5804022	36124	23873	144	0	690	900	0	0
424	19632	5804027	36120	23873	144	0	690	900	0	0
425	19633	5804032	36116	23873	144	0	690	900	0	0
426	19634	5804037	36113	23873	144	0	690	900	0	0
427	19635	5804042	36109	23873	136	0	690	900	0	0
428	19636	5804047	36105	23873	136	0	690	900	0	0
429	19637	5804052	36101	23874	136	0	690	900	0	0
430	19638	5804057	36097	23875	136	0	690	900	0	0
431	19639	5804062	36092	23875	136	0	690	900	0	0
432	19640	5804067	36088	23875	136	0	690	900	0	0
433	19641	5804072	36083	23875	136	0	690	900	0	0
434	19642	5804077	36079	23875	136	0	690	900	0	0
435	19643	5804082	36074	23875	136	0	690	900	0	0
436	19644	5804087	36069	23875	136	0	690	900	0	0
437	19645	5804092	36064	23875	144	0	690	900	0	0
438	19646	5804097	36059	23875	144	0	690	900	0	0
439	19647	5804102	36051	23875	144	0	690	900	0	0
440	19648	5804107	36048	23875	156	0	690	900	0	0
441	19649	5804112	36041	23875	156	0	690	900	0	0
442	19650	5804117	36036	23874	164	0	690	900	0	0
443	19651	5804122	36030	23871	164	0	690	900	0	0
444	19652	5804127	36023	23868	164	0	690	900	0	0
445	19653	5804132	36020	23866	176	0	680	900	0	0
446	19654	5804137	36014	23862	176	0	680	900	0	0
447	19655	5804142	36005	23859	184	0	680	900	0	0
448	19656	5804147	36002	23855	184	0	680	900	0	0
449	19657	5804152	35992	23852	184	0	680	900	0	0
450	19658	5804157	35989	23848	184	0	680	900	0	0
451	19659	5804162	35981	23844	196	0	680	900	0	0
452	19660	5804167	35978	23841	196	0	680	900	0	0
453	19661	5804172	35972	23838	196	0	680	900	0	0
454	19662	5804177	35966	23835	196	0	680	900	0	0
455	19663	5804182	35961	23832	196	0	680	900	0	0
456	19664	5804187	35955	23829	196	0	680	900	0	0
457	19665	5804192	35950	23827	196	0	670	900	0	0
458	19666	5804197	35945	23826	184	0	670	900	0	0
459	19667	5804202	35939	23825	184	0	670	900	0	0
460	19668	5804207	35935	23824	184	0	670	900	0	0
461	19669	5804212	35930	23823	184	0	670	880	0	0
462	19670	5804217	35926	23823	176	0	670	880	0	0
463	19671	5804222	35921	23823	176	0	670	880	0	0
464	19672	5804227	35917	23823	176	0	670	880	0	0
465	19673	5804232	35913	23823	176	0	670	880	0	0
466	19674	5804237	35910	23823	176	0	670	880	0	0
467	19675	5804242	35905	23823	164	0	670	880	0	0
468	19676	5804247	35901	23823	164	0	670	880	0	0
469	19677	5804252	35898	23823	164	0	670	880	0	0
470	19678	5804257	35896	23823	164	0	670	880	0	0
471	19679	5804262	35893	23823	164	0	670	880	0	0
472	19680	5804267	35891	23823	164	0	670	880	0	0
473	19681	5804272	35889	23823	164	0	670	880	0	0
474	19682	5804277	35888	23823	156	0	670	880	0	0
475	19683	5804282	35887	23823	156	0	670	880	0	0
476	19684	5804287	35886	23823	156	0	670	880	0	0
477	19685	5804292	35885	23823	156	0	670	880	0	0
478	19686	5804297	35885	23823	156	0	670	880	0	0
479	19687	5804302	35884	23823	156	0	660	880	0	0
480	19688	5804307	35884	23823	156	0	660	880	0	0
481	19689	5804312	35884	23823	144	0	660	880	0	0
482	19690	5804317	35883	23823	144	0	660	880	0	0
483	19691	5804322	35883	23823	144	0	660	880	0	0
484	19692	5804327	35882	23823	144	0	660	880	0	0
485	19693	5804332	35882	23823	136	0	660	860	0	0
486	19694	5804337	35881	23823	136	0	660	860	0	0
487	19695	5804342	35880	23823	124	0	660	860	0	0
488	19696	5804347	35880	23823	124	0	670	850	0	0
489	19697	5804352	35879	23823	116	0	670	850	0	0
490	19698	5804357	35878	23822	116	0	670	850	0	0
491	19699	5804362	35877	23819	104	0	670	850	0	0
492	19700	5804367	35876	23817	104	0	670	850	0	0
493	19701	5804372	35875	23815	104	0	670	850	0	0
494	19702	5804377	35874	23813	96	0	670	850	0	0
495	19703	5804382	35873	23812	96	0	670	850	0	0
496	19704	5804387	35873	23811	96	0	670	850	0	0
497	19705	5804392	35872	23811	96	0	670	850	0	0
498	19706	5804397	35870	23811	96	0	670	850	0	0
499	19707	5804402	35869	23810	96	0	670	850	0	0
500	19708	5804407	35867	23810	88	0	670	850	0	0
501	19709	5804412	35866	23810	88	0	670	850	0	0
502	19710	5804417	35864	23810	88	0	670	850	0	0
503	19711	5804422	35862	23810	76	0	670	850	0	0
504	19712	5804427	35860	23810	76	0	670	850	0	0
505	19713	5804432	35857	23810	68	0	670	850	0	0
506	19714	5804437	35855	23810	56	0	670	850	0	0
507	19715	5804442	35852	23810	48	0	680	850	0	0
508	19716	5804447	35849	23809	48	0	680	850	0	0
509	19717	5804452	35843	23806	36	0	680	850	0	0
510	19718	5804457	35839	23804	16	0	680	850	0	0
511	19719	5804462	35834	23801	8	0	680	850	0	0
512	19720	5804467	35829	23799	0	0	680	850	0	0
513	19721	5804472	35824	23797	0	0	680	850	0	0
514	19722	5804477	35819	23795	0	0	680	850	0	0
515	19723	5804482	35815	23793	0	0	680	850	0	0
516	19724	5804487	35811	23791	0	0	680	850	0	0
517	19725	5804492	35809	23790	0	0	690	850	0	0
518	19726	5804497	35807	23789	0	0	690	850	0	0
519	19727	5804502	35806	23789	0	0	690	850	0	0
520	19728	5804508	35805	23788	0	3	690	850	0	0
521	19729	5804513	35805	23787	0	8	690	850	0	0
522	19730	5804518	35805	23787	0	10	690	850	0	0
523	19731	5804523	35805	23787	0	14	690	850	0	0
524	19732	5804528	35805	23787	0	24	690	850	0	0
525	19733	5804533	35805	23787	0	36	690	850	0	0
526	19734	5804538	35805	23787	0	55	690	850	0	0
527	19735	5804543	35804	23787	0	79	690	850	0	0
528	19736	5804548	35803	23787	0	108	690	820	0	0
529	19737	5804553	35803	23787	0	131	690	820	0	0
530	19738	5804558	35803	23787	0	150	690	820	0	0
531	19739	5804563	35803	23787	0	170	690	820	0	0
532	19740	5804568	35802	23787	0	188	690	820	0	0
533	19741	5804573	35802	23787	0	205	690	820	0	0
534	19742	5804578	35802	23787	0	221	690	820	0	0
535	19743	5804583	35802	23787	0	234	690	820	0	0
536	19744	5804588	35802	23787	0	245	690	820	0	0
537	19745	5804593	35802	23787	0	258	690	820	0	0
538	19746	5804598	35802	23787	0	271	690	820	0	0
539	19747	5804603	35802	23787	0	284	690	820	0	0
540	19748	5804608	35802	23787	0	296	690	820	0	0
541	19749	5804613	35802	23787	0	306	700	820	0	0
542	19750	5804618	35802	23787	0	317	700	820	0	0
543	19751	5804623	35802	23787	0	326	700	820	0	0
544	19752	5804628	35802	23787	0	333	700	820	0	0
545	19753	5804633	35802	23787	0	341	700	820	0	0
546	19754	5804638	35802	23787	0	348	700	820	0	0
547	19755	5804643	35802	23787	0	353	700	820	0	0
548	19756	5804648	35802	23787	0	358	700	820	0	0
549	19757	5804653	35802	23787	0	363	700	820	0	0
550	19758	5804658	35802	23787	0	369	700	820	0	0
551	19759	5804663	35802	23787	0	373	700	820	0	0
552	19760	5804668	35802	23787	0	377	700	820	0	0
553	19761	5804673	35802	23787	0	382	700	820	0	0
554	19762	5804678	35802	23787	0	388	700	820	0	0
555	19763	5804683	35802	23787	0	393	700	820	0	0
556	19764	5804688	35802	23787	0	397	700	820	0	0
557	19765	5804693	35802	23788	0	402	700	820	0	0
558	19766	5804698	35802	23788	0	406	700	820	0	0
559	19767	5804703	35802	23788	0	409	700	820	0	0
560	19768	5804708	35802	23788	0	412	700	820	0	0
561	19769	5804713	35802	23788	0	416	700	820	0	0
562	19770	5804718	35802	23788	0	420	700	820	0	0
563	19771	5804723	35803	23788	0	425	700	820	0	0
564	19772	5804728	35804	23788	0	429	700	820	0	0
565	19773	5804733	35804	23789	0	434	700	820	0	0
566	19774	5804738	35806	23789	0	437	700	820	0	0
567	19775	5804743	35807	23789	0	440	700	820	0	0
568	19776	5804748	35807	23789	0	443	700	820	0	0
569	19777	5804753	35809	23789	0	445	700	820	0	0
570	19778	5804758	35810	23789	0	447	700	820	0	0
571	19779	5804763	35811	23789	0	448	700	820	0	0
572	19780	5804768	35812	23789	0	449	700	820	0	0
573	19781	5804773	35813	23789	0	451	700	820	0	0
574	19782	5804778	35814	23789	0	453	700	820	0	0
575	19783	5804783	35815	23789	0	454	700	820	0	0
576	19784	5804788	35817	23789	0	455	700	820	0	0
577	19785	5804793	35818	23789	0	456	700	820	0	0
578	19786	5804798	35819	23790	0	456	700	820	0	0
579	19787	5804803	35819	23790	0	457	700	820	0	0
580	19788	5804808	35820	23790	0	456	700	820	0	0
581	19789	5804813	35821	23791	0	457	700	820	0	0
582	19790	5804818	35822	23791	0	458	700	820	0	0
583	19791	5804823	35823	23792	0	458	700	820	0	0
584	19792	5804828	35825	23792	0	458	700	820	0	0
585	19793	5804833	35827	23793	0	460	700	820	0	0
586	19794	5804838	35828	23794	0	462	700	820	0	0
587	19795	5804843	35831	23794	0	464	700	820	0	0
588	19796	5804848	35833	23795	0	467	700	820	0	0
589	19797	5804853	35837	23796	0	470	700	820	0	0
590	19798	5804858	35841	23797	0	473	700	820	0	0
591	19799	5804863	35846	23799	0	474	700	820	0	0
592	19800	5804868	35852	23801	0	477	700	820	0	0
593	19801	5804873	35858	23803	0	479	700	820	0	0
594	19802	5804878	35864	23805	0	484	700	820	0	0
595	19803	5804883	35870	23808	0	486	700	820	0	0
596	19804	5804888	35877	23811	0	488	700	820	0	0
597	19805	5804893	35882	23813	0	489	700	820	0	0
598	19806	5804898	35886	23816	0	489	700	820	0	0
599	19807	5804903	35890	23818	0	489	700	820	0	0
600	19808	5804908	35893	23820	0	490	700	820	0	0
601	19809	5804913	35896	23823	0	491	700	820	0	0
602	19810	5804918	35899	23826	0	493	700	820	0	0
603	19811	5804923	35903	23828	0	495	700	820	0	0
604	19812	5804928	35906	23832	0	496	700	820	0	0
605	19813	5804933	35909	23836	0	497	700	820	0	0
606	19814	5804938	35913	23840	0	499	700	820	0	0
607	19815	5804943	35917	23844	0	499	700	820	0	0
608	19816	5804948	35921	23849	0	500	710	810	0	0
609	19817	5804953	35925	23853	0	501	710	810	0	0
610	19818	5804958	35930	23858	0	502	710	810	0	0
611	19819	5804963	35934	23863	0	501	710	810	0	0
612	19820	5804968	35938	23868	0	501	710	840	0	0
613	19821	5804973	35943	23873	0	501	710	840	0	0
614	19822	5804978	35947	23878	0	501	710	840	0	0
615	19823	5804983	35952	23883	0	501	710	840	0	0
616	19824	5804988	35956	23889	0	501	710	840	0	0
617	19825	5804993	35960	23895	0	502	710	840	0	0
618	19826	5804998	35963	23900	0	502	710	840	0	0
619	19827	5805003	35966	23906	0	502	710	840	0	0
620	19828	5805008	35970	23911	0	503	710	840	0	0
621	19829	5805013	35973	23916	0	504	710	840	0	0
622	19830	5805018	35976	23920	0	505	710	840	0	0
623	19831	5805023	35978	23924	0	504	710	840	0	0
624	19832	5805028	35980	23927	0	504	710	840	0	0
625	19833	5805033	35981	23931	0	504	710	840	0	0
626	19834	5805038	35983	23935	0	505	710	840	0	0
627	19835	5805043	35986	23939	0	504	720	840	0	0
628	19836	5805048	35988	23943	0	505	720	840	0	0
629	19837	5805053	35991	23948	0	505	720	840	0	0
630	19838	5805058	35994	23953	0	505	720	840	0	0
631	19839	5805063	35997	23958	0	505	720	840	0	0
632	19840	5805068	36001	23965	0	505	720	840	0	0
633	19841	5805073	36004	23971	0	506	720	840	0	0
634	19842	5805078	36008	23976	0	507	720	840	0	0
635	19843	5805083	36011	23982	0	505	720	840	0	0
636	19844	5805088	36014	23988	0	506	720	840	0	0
637	19845	5805093	36017	23993	0	506	710	840	0	0
638	19846	5805098	36020	23998	0	506	710	840	0	0
639	19847	5805103	36022	24003	0	504	710	870	0	0
640	19848	5805108	36024	24007	0	504	710	870	0	0
641	19849	5805113	36026	24010	0	504	710	870	0	0
642	19850	5805118	36028	24015	0	504	710	870	0	0
643	19851	5805123	36029	24019	0	501	710	870	0	0
644	19852	5805128	36030	24023	0	499	710	870	0	0
645	19853	5805133	36031	24027	0	498	710	870	0	0
646	19854	5805138	36033	24032	0	497	710	870	0	0
647	19855	5805143	36035	24037	0	496	710	900	0	0
648	19856	5805148	36037	24042	0	496	710	900	0	0
649	19857	5805153	36040	24047	0	499	710	900	0	0
650	19858	5805158	36042	24052	0	501	710	900	0	0
651	19859	5805163	36046	24058	0	502	720	900	0	0
652	19860	5805168	36049	24064	0	504	720	900	0	0
653	19861	5805173	36053	24071	0	506	720	900	0	0
654	19862	5805178	36056	24077	0	510	720	900	0	0
655	19863	5805183	36058	24082	0	511	720	900	0	0
656	19864	5805188	36061	24087	0	512	720	900	0	0
657	19865	5805193	36062	24092	0	514	720	900	0	0
658	19866	5805198	36064	24096	0	513	720	900	0	0
659	19867	5805203	36065	24099	0	512	720	900	0	0
660	19868	5805208	36066	24102	0	511	720	900	0	0
661	19869	5805213	36067	24104	0	511	720	900	0	0
662	19870	5805218	36068	24106	0	510	720	900	0	0
663	19871	5805223	36069	24109	0	509	720	900	0	0
664	19872	5805228	36070	24112	0	509	720	900	0	0
665	19873	5805233	36071	24116	0	510	720	900	0	0
666	19874	5805238	36071	24119	0	511	720	900	0	0
667	19875	5805243	36072	24123	0	512	720	900	0	0
668	19876	5805248	36072	24127	0	512	720	900	0	0
669	19877	5805253	36072	24131	0	513	720	900	0	0
670	19878	5805258	36073	24134	0	514	720	900	0	0
671	19879	5805263	36073	24137	0	513	720	900	0	0
672	19880	5805268	36073	24139	0	513	720	900	0	0
673	19881	5805273	36073	24142	0	513	720	900	0	0
674	19882	5805278	36073	24144	0	513	720	900	0	0
675	19883	5805283	36074	24145	0	512	720	900	0	0
676	19884	5805288	36074	24146	0	511	720	900	0	0
677	19885	5805293	36074	24147	0	511	720	900	0	0
678	19886	5805298	36074	24149	0	510	720	900	0	0
679	19887	5805303	36074	24150	0	508	720	900	0	0
680	19888	5805308	36075	24151	0	506	720	900	0	0
681	19889	5805313	36075	24152	0	505	720	870	0	0
682	19890	5805318	36075	24153	0	504	720	870	0	0
683	19891	5805323	36075	24155	0	502	720	870	0	0
684	19892	5805328	36075	24156	0	501	720	870	0	0
685	19893	5805333	36075	24158	0	500	720	870	0	0
686	19894	5805338	36075	24159	0	500	720	870	0	0
687	19895	5805343	36075	24160	0	499	720	870	0	0
688	19896	5805348	36075	24162	0	498	720	840	0	0
689	19897	5805353	36075	24164	0	498	720	840	0	0
690	19898	5805358	36075	24165	0	497	720	840	0	0
691	19899	5805363	36075	24167	0	495	720	840	0	0
692	19900	5805368	36075	24168	0	493	720	840	0	0
693	19901	5805373	36075	24170	0	492	720	840	0	0
694	19902	5805378	36075	24172	0	491	720	840	0	0
695	19903	5805383	36075	24174	0	490	720	840	0	0
696	19904	5805388	36075	24177	0	489	720	840	0	0
697	19905	5805393	36075	24179	0	488	720	870	0	0
698	19906	5805398	36075	24181	0	487	720	870	0	0
699	19907	5805403	36075	24183	0	486	720	870	0	0
700	19908	5805408	36075	24186	0	485	720	870	0	0
701	19909	5805413	36075	24188	0	484	720	870	0	0
702	19910	5805418	36075	24191	0	483	720	870	0	0
703	19911	5805423	36075	24193	0	481	720	870	0	0
704	19912	5805428	36075	24195	0	479	720	870	0	0
705	19913	5805433	36075	24197	0	477	720	870	0	0
706	19914	5805438	36075	24199	0	476	720	870	0	0
707	19915	5805443	36075	24200	0	474	720	870	0	0
708	19916	5805448	36074	24202	0	472	720	870	0	0
709	19917	5805453	36072	24203	0	472	720	840	0	0
710	19918	5805458	36071	24204	0	472	720	840	0	0
711	19919	5805463	36070	24206	0	471	720	840	0	0
712	19920	5805468	36069	24207	0	470	720	840	0	0
713	19921	5805473	36068	24208	0	469	720	840	0	0
714	19922	5805478	36068	24209	0	467	720	840	0	0
715	19923	5805483	36067	24211	0	465	720	840	0	0
716	19924	5805488	36066	24212	0	463	720	840	0	0
717	19925	5805493	36065	24213	0	461	720	840	0	0
718	19926	5805498	36064	24214	0	460	720	840	0	0
719	19927	5805503	36062	24214	0	459	720	840	0	0
720	19928	5805508	36061	24215	0	459	720	810	0	0
721	19929	5805513	36060	24216	0	458	720	810	0	0
722	19930	5805518	36058	24216	0	459	710	810	0	0
723	19931	5805523	36057	24217	0	459	710	810	0	0
724	19932	5805528	36056	24218	0	459	710	810	0	0
725	19933	5805533	36055	24219	0	458	710	810	0	0
726	19934	5805538	36054	24220	0	458	710	810	0	0
727	19935	5805543	36052	24221	0	457	710	810	0	0
728	19936	5805548	36051	24222	0	455	710	810	0	0
729	19937	5805553	36049	24224	0	454	710	810	0	0
730	19938	5805558	36047	24224	0	454	710	810	0	0
731	19939	5805563	36046	24225	0	453	710	810	0	0
732	19940	5805568	36044	24225	0	453	710	810	0	0
733	19941	5805573	36042	24225	0	454	710	810	0	0
734	19942	5805578	36040	24225	0	453	710	810	0	0
735	19943	5805583	36038	24225	0	453	710	810	0	0
736	19944	5805588	36036	24225	0	451	710	810	0	0
737	19945	5805593	36033	24225	0	450	710	810	0	0
738	19946	5805598	36031	24225	0	449	710	810	0	0
739	19947	5805603	36028	24225	0	447	710	810	0	0
740	19948	5805608	36026	24225	0	445	710	810	0	0
741	19949	5805613	36024	24225	0	444	710	810	0	0
742	19950	5805618	36021	24225	0	443	710	810	0	0
743	19951	5805623	36018	24225	0	440	710	810	0	0
744	19952	5805628	36016	24225	0	438	710	810	0	0
745	19953	5805633	36013	24225	0	435	710	810	0	0
746	19954	5805638	36010	24225	0	432	710	810	0	0
747	19955	5805643	36008	24225	0	430	710	810	0	0
748	19956	5805648	36006	24225	0	427	710	810	0	0
749	19957	5805653	36003	24225	0	425	710	810	0	0
750	19958	5805658	36001	24225	0	424	710	810	0	0
751	19959	5805663	35999	24225	0	424	710	810	0	0
752	19960	5805668	35997	24225	0	424	710	810	0	0
753	19961	5805673	35995	24225	0	425	710	810	0	0
754	19962	5805678	35993	24225	0	425	710	810	0	0
755	19963	5805683	35991	24225	0	426	710	810	0	0
756	19964	5805688	35989	24225	0	426	710	810	0	0
757	19965	5805693	35987	24225	0	426	710	810	0	0
758	19966	5805698	35985	24225	0	426	710	810	0	0
759	19967	5805703	35984	24225	0	425	710	810	0	0
760	19968	5805708	35982	24225	0	425	710	810	0	0
761	19969	5805713	35980	24225	0	425	710	810	0	0
762	19970	5805718	35978	24225	0	423	710	810	0	0
763	19971	5805723	35975	24225	0	422	710	810	0	0
764	19972	5805728	35973	24224	0	420	710	810	0	0
765	19973	5805733	35970	24222	0	418	710	810	0	0
766	19974	5805738	35968	24219	0	416	710	810	0	0
767	19975	5805743	35965	24217	0	415	710	810	0	0
768	19976	5805748	35962	24215	0	414	710	810	0	0
769	19977	5805753	35959	24213	0	415	710	810	0	0
770	19978	5805758	35956	24210	0	415	710	810	0	0
771	19979	5805763	35953	24207	0	416	710	810	0	0
772	19980	5805768	35950	24203	0	417	710	810	0	0
773	19981	5805773	35948	24200	0	419	710	810	0	0
774	19982	5805778	35946	24197	0	421	710	810	0	0
775	19983	5805783	35944	24193	0	425	710	810	0	0
776	19984	5805788	35942	24190	0	428	710	810	0	0
777	19985	5805793	35941	24185	0	432	710	810	0	0
778	19986	5805798	35939	24181	0	438	710	810	0	0
779	19987	5805803	35937	24178	0	444	710	810	0	0
780	19988	5805808	35936	24174	0	448	710	810	0	0
781	19989	5805813	35934	24171	0	450	710	810	0	0
782	19990	5805818	35933	24167	0	451	710	810	0	0
783	19991	5805823	35932	24164	0	452	710	810	0	0
784	19992	5805828	35932	24161	0	452	710	810	0	0
785	19993	5805833	35930	24158	0	452	710	810	0	0
786	19994	5805838	35929	24155	0	451	710	810	0	0
787	19995	5805843	35929	24152	0	451	710	810	0	0
788	19996	5805848	35928	24149	0	452	710	840	0	0
789	19997	5805853	35927	24145	0	452	710	840	0	0
790	19998	5805858	35925	24141	0	453	710	840	0	0
791	19999	5805863	35924	24137	0	453	710	840	0	0
792	20000	5805868	35922	24134	0	454	710	840	0	0
793	20001	5805873	35921	24130	0	455	710	840	0	0
794	20002	5805878	35919	24127	0	456	710	870	0	0
795	20003	5805883	35918	24125	0	458	710	870	0	0
796	20004	5805888	35917	24122	0	460	710	870	0	0
797	20005	5805893	35916	24120	0	462	700	870	0	0
798	20006	5805898	35915	24117	0	464	700	870	0	0
799	20007	5805903	35915	24114	0	467	700	870	0	0
800	20008	5805908	35915	24110	0	470	700	870	0	0
801	20009	5805913	35915	24106	0	473	700	870	0	0
802	20010	5805918	35915	24101	0	476	700	870	0	0
803	20011	5805923	35915	24096	0	478	700	870	0	0
804	20012	5805928	35915	24090	0	482	700	870	0	0
805	20013	5805933	35915	24084	0	484	700	870	0	0
806	20014	5805938	35915	24077	0	487	700	870	0	0
807	20015	5805943	35915	24070	0	490	710	870	0	0
808	20016	5805948	35915	24063	0	491	710	870	0	0
809	20017	5805953	35915	24056	0	491	710	870	0	0
810	20018	5805958	35915	24048	0	491	710	870	0	0
811	20019	5805963	35915	24041	0	491	710	870	0	0
812	20020	5805968	35915	24034	0	492	710	870	0	0
813	20021	5805973	35916	24027	0	493	710	870	0	0
814	20022	5805978	35919	24019	0	495	710	870	0	0
815	20023	5805983	35921	24012	0	497	710	870	0	0
816	20024	5805988	35924	24004	0	498	710	870	0	0
817	20025	5805993	35927	23996	0	501	710	870	0	0
818	20026	5805998	35930	23988	0	505	720	870	0	0
819	20027	5806003	35933	23980	0	509	720	870	0	0
820	20028	5806008	35935	23973	0	513	720	870	0	0
821	20029	5806013	35937	23967	0	517	720	870	0	0
822	20030	5806018	35940	23961	0	519	720	870	0	0
823	20031	5806023	35942	23955	0	521	720	870	0	0
824	20032	5806028	35944	23949	0	524	720	870	0	0
825	20033	5806033	35946	23943	0	526	720	870	0	0
826	20034	5806038	35948	23936	0	528	720	870	0	0
827	20035	5806043	35950	23930	0	530	720	870	0	0
828	20036	5806048	35952	23924	0	533	720	870	0	0
829	20037	5806053	35955	23918	0	535	720	870	0	0
830	20038	5806058	35956	23913	0	534	720	870	0	0
831	20039	5806063	35958	23906	0	534	720	870	0	0
832	20040	5806068	35960	23901	0	534	720	840	0	0
833	20041	5806073	35962	23896	0	534	720	840	0	0
834	20042	5806078	35963	23891	0	534	720	840	0	0
835	20043	5806083	35965	23885	0	535	720	840	0	0
836	20044	5806088	35967	23879	0	536	720	840	0	0
837	20045	5806093	35970	23874	0	538	720	840	0	0
838	20046	5806098	35972	23868	0	539	720	840	0	0
839	20047	5806103	35976	23863	0	542	720	840	0	0
840	20048	5806108	35979	23857	0	544	720	840	0	0
841	20049	5806113	35983	23852	0	546	720	840	0	0
842	20050	5806118	35988	23847	0	547	720	840	0	0
843	20051	5806123	35993	23842	0	550	720	840	0	0
844	20052	5806128	35998	23836	0	553	720	840	0	0
845	20053	5806133	36004	23832	0	557	720	840	0	0
846	20054	5806138	36010	23828	0	559	720	810	0	0
847	20055	5806143	36016	23825	0	563	720	810	0	0
848	20056	5806148	36022	23822	0	568	720	810	0	0
849	20057	5806153	36028	23820	0	572	720	810	0	0
850	20058	5806158	36033	23817	0	573	720	810	0	0
851	20059	5806163	36039	23816	0	573	720	810	0	0
852	20060	5806168	36043	23815	0	574	720	810	0	0
853	20061	5806173	36048	23814	0	574	730	800	0	0
854	20062	5806178	36053	23813	0	574	730	800	0	0
855	20063	5806183	36058	23812	0	575	730	800	0	0
856	20064	5806188	36062	23811	0	577	730	800	0	0
857	20065	5806193	36066	23811	0	579	730	800	0	0
858	20066	5806198	36069	23810	0	580	730	800	0	0
859	20067	5806203	36072	23809	0	581	730	800	0	0
860	20068	5806208	36075	23808	0	582	730	800	0	0
861	20069	5806213	36077	23808	0	584	730	800	0	0
862	20070	5806218	36079	23808	0	584	730	800	0	0
863	20071	5806223	36081	23807	0	585	730	800	0	0
864	20072	5806228	36083	23807	0	586	730	800	0	0
865	20073	5806233	36086	23807	0	589	730	770	0	0
866	20074	5806238	36091	23807	0	591	730	770	0	0
867	20075	5806243	36097	23807	0	593	730	770	0	0
868	20076	5806248	36103	23807	0	597	740	760	0	0
869	20077	5806253	36111	23807	0	601	740	760	0	0
870	20078	5806258	36119	23807	0	605	740	760	0	0
871	20079	5806262	36127	23807	0	608	740	760	0	0
872	20080	5806267	36134	23807	0	611	740	760	0	0
873	20081	5806272	36142	23807	0	611	740	760	0	0
874	20082	5806277	36149	23807	0	610	740	760	0	0
875	20083	5806282	36155	23807	0	609	740	760	0	0
876	20084	5806287	36160	23807	0	610	740	760	0	0
877	20085	5806292	36166	23807	0	610	740	760	0	0
878	20086	5806297	36171	23807	0	610	740	760	0	0
879	20087	5806302	36176	23807	0	610	740	760	0	0
880	20088	5806307	36183	23807	0	610	740	760	0	0
881	20089	5806312	36189	23807	0	609	740	760	0	0
882	20090	5806317	36196	23807	0	608	740	760	0	0
883	20091	5806322	36202	23809	0	605	740	760	0	0
884	20092	5806327	36209	23812	0	605	740	760	0	0
885	20093	5806332	36215	23815	0	603	740	760	0	0
886	20094	5806337	36222	23818	0	599	740	760	0	0
887	20095	5806342	36229	23821	0	592	740	760	0	0
888	20096	5806347	36235	23824	0	585	740	800	0	0
889	20097	5806352	36242	23828	0	579	740	800	0	0
890	20098	5806357	36247	23833	0	573	740	800	0	0
891	20099	5806362	36254	23838	0	568	740	800	0	0
892	20100	5806367	36260	23842	0	562	740	800	0	0
893	20101	5806372	36266	23848	0	555	740	800	0	0
894	20102	5806377	36272	23853	0	544	740	800	0	0
895	20103	5806382	36278	23858	0	527	740	800	0	0
896	20104	5806387	36283	23863	0	508	740	800	0	0
897	20105	5806392	36287	23869	0	490	740	800	0	0
898	20106	5806397	36291	23873	0	461	740	800	0	0
899	20107	5806402	36295	23878	0	421	740	800	0	0
900	20108	5806407	36298	23883	0	381	740	800	0	0
901	20109	5806412	36300	23887	0	338	740	800	0	0
902	20110	5806417	36303	23893	0	285	740	800	0	0
903	20111	5806422	36305	23899	0	221	740	800	0	0
904	20112	5806427	36308	23905	0	137	740	800	0	0
905	20113	5806432	36309	23911	0	57	740	800	0	0
