Temps de latence : 2437 ms

N°Pt	SN	T	X	Y	Z	P	Alt	Azi	Twi	Lever
1	5793	5728785	28958	24270	958	0	390	1030	0	0
2	5794	5728825	28958	24270	958	0	390	1030	0	0
3	5795	5728865	28958	24270	958	0	390	1030	0	0
4	5796	5728909	28958	24270	958	0	390	1030	0	0
5	5797	5728949	28958	24270	958	0	390	1030	0	0
6	5798	5728994	28958	24270	958	0	390	1030	0	0
7	5799	5729033	28958	24270	958	0	390	1030	0	0
8	5800	5729078	28958	24270	958	0	390	1030	0	0
9	5801	5729117	28958	24270	958	0	390	1030	0	0
10	5802	5729161	28958	24270	958	0	390	1030	0	0
11	5803	5729202	28958	24270	958	0	390	1030	0	0
12	5804	5729245	28958	24270	958	0	390	1030	0	0
13	5805	5729285	28958	24270	958	0	390	1030	0	0
14	5806	5729330	28958	24270	958	0	390	1030	0	0
15	5807	5729370	28958	24270	958	0	390	1030	0	0
16	5808	5729413	28958	24270	958	0	390	1030	0	0
17	5809	5729454	28958	24270	958	0	390	1030	0	0
18	5810	5729497	28958	24270	958	0	390	1030	0	0
19	5811	5729537	28958	24270	958	0	390	1030	0	0
20	5812	5729581	28958	24270	958	0	390	1030	0	0
21	5813	5729621	28958	24270	958	0	390	1030	0	0
22	5814	5729665	28958	24270	958	0	390	1030	0	0
23	5815	5729705	28958	24270	958	0	390	1030	0	0
24	5816	5729749	28958	24270	958	0	390	1030	0	0
25	5817	5729789	28958	24270	958	0	390	1030	0	0
26	5818	5729833	28958	24270	958	0	390	1030	0	0
27	5819	5729873	28958	24270	958	0	390	1030	0	0
28	5820	5729913	28958	24270	958	0	390	1030	0	0
29	5821	5729957	28958	24270	958	0	390	1030	0	0
30	5822	5729997	28958	24270	958	0	390	1030	0	0
31	5823	5730041	28925	24245	958	0	340	1070	0	0
32	5824	5730046	28918	24241	918	0	340	1070	0	0
33	5825	5730051	28912	24239	918	0	350	1070	0	0
34	5826	5730056	28907	24239	906	0	350	1070	0	0
35	5827	5730061	28903	24239	898	0	350	1070	0	0
36	5828	5730066	28900	24239	886	0	350	1070	0	0
37	5829	5730071	28897	24239	886	0	350	1070	0	0
38	5830	5730076	28894	24239	878	0	350	1060	0	0
39	5831	5730081	28892	24239	878	0	350	1060	0	0
40	5832	5730086	28890	24239	866	0	360	1070	0	0
41	5833	5730091	28888	24248	858	0	360	1070	0	0
42	5834	5730096	28886	24254	846	0	360	1070	0	0
43	5835	5730101	28883	24260	838	0	360	1060	0	0
44	5836	5730106	28880	24269	838	0	360	1060	0	0
45	5837	5730111	28878	24277	838	0	370	1070	0	0
46	5838	5730116	28876	24286	826	0	370	1060	0	0
47	5839	5730121	28875	24293	826	0	370	1050	0	0
48	5840	5730126	28874	24302	826	0	370	1040	0	0
49	5841	5730131	28873	24309	826	0	380	1030	0	0
50	5842	5730136	28873	24315	818	0	380	1020	0	0
51	5843	5730141	28872	24318	818	0	390	1010	0	0
52	5844	5730146	28871	24321	818	0	390	990	0	0
53	5845	5730151	28869	24323	818	0	400	980	0	0
54	5846	5730156	28868	24324	818	0	400	960	0	0
55	5847	5730161	28868	24324	806	0	400	940	0	0
56	5848	5730166	28868	24324	806	0	400	930	0	0
57	5849	5730171	28863	24330	806	0	400	910	0	0
58	5850	5730176	28859	24339	794	0	400	900	0	0
59	5851	5730181	28856	24348	786	0	400	890	0	0
60	5852	5730186	28852	24357	786	0	410	870	0	0
61	5853	5730191	28848	24366	774	0	410	870	0	0
62	5854	5730196	28843	24381	766	0	410	850	0	0
63	5855	5730201	28838	24390	754	0	410	840	0	0
64	5856	5730206	28834	24399	746	0	410	830	0	0
65	5857	5730211	28829	24408	734	0	410	820	0	0
66	5858	5730216	28824	24416	726	0	410	820	0	0
67	5859	5730221	28817	24429	714	0	410	820	0	0
68	5860	5730226	28811	24437	702	0	410	820	0	0
69	5861	5730231	28805	24445	694	0	420	820	0	0
70	5862	5730236	28799	24453	682	0	420	820	0	0
71	5863	5730241	28789	24465	673	0	420	820	0	0
72	5864	5730246	28783	24473	661	0	420	820	0	0
73	5865	5730251	28776	24482	641	0	420	820	0	0
74	5866	5730256	28766	24494	633	0	420	820	0	0
75	5867	5730261	28759	24503	621	0	420	820	0	0
76	5868	5730266	28753	24512	613	0	420	820	0	0
77	5869	5730271	28747	24521	601	0	420	820	0	0
78	5870	5730276	28738	24534	589	0	420	820	0	0
79	5871	5730281	28733	24542	589	0	420	820	0	0
80	5872	5730286	28729	24549	581	0	420	820	0	0
81	5873	5730291	28725	24556	581	0	420	820	0	0
82	5874	5730296	28721	24563	569	0	430	820	0	0
83	5875	5730301	28718	24568	561	0	430	820	0	0
84	5876	5730306	28715	24573	561	0	430	820	0	0
85	5877	5730311	28713	24577	561	0	430	820	0	0
86	5878	5730316	28710	24583	549	0	430	820	0	0
87	5879	5730321	28709	24585	549	0	430	820	0	0
88	5880	5730326	28709	24585	549	0	440	810	0	0
89	5881	5730331	28709	24585	541	0	440	810	0	0
90	5882	5730336	28709	24585	541	0	440	810	0	0
91	5883	5730341	28709	24585	541	0	440	810	0	0
92	5884	5730346	28709	24585	541	0	450	810	0	0
93	5885	5730351	28709	24585	529	0	450	810	0	0
94	5886	5730356	28709	24579	529	0	450	810	0	0
95	5887	5730361	28709	24573	529	0	450	810	0	0
96	5888	5730366	28709	24560	521	0	460	810	0	0
97	5889	5730371	28709	24553	521	0	460	800	0	0
98	5890	5730376	28709	24537	509	0	460	800	0	0
99	5891	5730381	28709	24519	509	0	460	790	0	0
100	5892	5730386	28709	24499	497	0	460	790	0	0
101	5893	5730391	28709	24477	489	0	470	790	0	0
102	5894	5730396	28709	24453	477	0	470	790	0	0
103	5895	5730401	28709	24428	469	0	480	800	0	0
104	5896	5730406	28709	24402	457	0	490	800	0	0
105	5897	5730411	28709	24375	449	0	490	800	0	0
106	5898	5730416	28709	24348	437	0	500	800	0	0
107	5899	5730421	28706	24319	429	0	500	820	0	0
108	5900	5730426	28701	24290	417	0	500	830	0	0
109	5901	5730431	28696	24262	409	0	510	840	0	0
110	5902	5730436	28692	24245	397	0	510	850	0	0
111	5903	5730441	28687	24245	385	0	510	860	0	0
112	5904	5730446	28679	24221	377	0	520	870	0	0
113	5905	5730451	28674	24221	365	0	520	890	0	0
114	5906	5730456	28669	24221	357	0	520	900	0	0
115	5907	5730461	28665	24219	345	0	520	900	0	0
116	5908	5730466	28658	24213	336	0	530	910	0	0
117	5909	5730471	28654	24199	324	0	530	930	0	0
118	5910	5730476	28651	24186	316	0	530	930	0	0
119	5911	5730481	28649	24174	304	0	530	940	0	0
120	5912	5730486	28648	24162	304	0	540	940	0	0
121	5913	5730491	28647	24152	304	0	540	940	0	0
122	5914	5730496	28647	24137	292	0	540	940	0	0
123	5915	5730501	28647	24129	292	0	540	940	0	0
124	5916	5730506	28647	24122	292	0	540	940	0	0
125	5917	5730511	28647	24117	284	0	550	940	0	0
126	5918	5730516	28647	24112	284	0	550	940	0	0
127	5919	5730521	28647	24109	284	0	550	930	0	0
128	5920	5730526	28651	24106	272	0	550	930	0	0
129	5921	5730531	28657	24105	264	0	550	930	0	0
130	5922	5730536	28667	24103	252	0	560	930	0	0
131	5923	5730541	28674	24103	252	0	560	930	0	0
132	5924	5730546	28680	24103	244	0	560	930	0	0
133	5925	5730551	28687	24103	232	0	560	930	0	0
134	5926	5730556	28694	24103	232	0	560	910	0	0
135	5927	5730561	28701	24103	224	0	570	920	0	0
136	5928	5730566	28711	24103	212	0	570	920	0	0
137	5929	5730571	28717	24103	212	0	570	920	0	0
138	5930	5730576	28723	24104	204	0	570	920	0	0
139	5931	5730581	28728	24104	204	0	570	920	0	0
140	5932	5730586	28733	24104	204	0	580	920	0	0
141	5933	5730591	28738	24104	192	0	580	920	0	0
142	5934	5730596	28743	24104	192	0	580	920	0	0
143	5935	5730601	28748	24104	192	0	580	920	0	0
144	5936	5730606	28753	24104	180	0	590	920	0	0
145	5937	5730611	28758	24099	180	0	590	900	0	0
146	5938	5730616	28764	24086	172	0	590	900	0	0
147	5939	5730621	28769	24072	172	0	590	900	0	0
148	5940	5730626	28778	24062	160	0	600	900	0	0
149	5941	5730631	28784	24051	152	0	600	900	0	0
150	5942	5730636	28790	24041	140	0	600	900	0	0
151	5943	5730641	28797	24036	132	0	600	900	0	0
152	5944	5730646	28803	24021	132	0	610	900	0	0
153	5945	5730651	28814	24017	120	0	610	900	0	0
154	5946	5730656	28821	24013	112	0	610	900	0	0
155	5947	5730661	28831	24006	100	0	610	900	0	0
156	5948	5730666	28834	23999	88	0	620	900	0	0
157	5949	5730671	28843	23989	80	0	620	900	0	0
158	5950	5730676	28849	23983	80	0	620	880	0	0
159	5951	5730681	28854	23978	68	0	620	880	0	0
160	5952	5730686	28860	23974	60	0	630	880	0	0
161	5953	5730691	28868	23970	48	0	630	860	0	0
162	5954	5730696	28871	23965	48	0	630	860	0	0
163	5955	5730701	28878	23958	40	0	630	860	0	0
164	5956	5730706	28884	23953	28	0	630	860	0	0
165	5957	5730711	28889	23946	20	0	640	840	0	0
166	5958	5730716	28894	23940	0	0	640	840	0	0
167	5959	5730721	28899	23934	0	0	640	840	0	0
168	5960	5730726	28902	23929	0	0	650	840	0	0
169	5961	5730731	28905	23923	0	0	650	840	0	0
170	5962	5730736	28907	23917	0	0	650	840	0	0
171	5963	5730741	28908	23912	0	0	650	840	0	0
172	5964	5730746	28910	23907	0	0	660	810	0	0
173	5965	5730751	28912	23902	0	0	660	810	0	0
174	5966	5730756	28913	23897	0	0	660	810	0	0
175	5967	5730761	28916	23891	0	0	660	810	0	0
176	5968	5730766	28919	23883	0	0	660	810	0	0
177	5969	5730771	28923	23876	0	0	670	810	0	0
178	5970	5730776	28926	23867	0	0	670	810	0	0
179	5971	5730781	28930	23859	0	0	670	810	0	0
180	5972	5730786	28932	23849	0	0	670	810	0	0
181	5973	5730791	28935	23840	0	0	670	810	0	0
182	5974	5730796	28937	23831	8	0	670	810	0	0
183	5975	5730801	28937	23823	8	0	670	810	0	0
184	5976	5730806	28938	23816	8	0	680	780	0	0
185	5977	5730811	28938	23810	16	0	680	780	0	0
186	5978	5730816	28938	23806	16	0	680	780	0	0
187	5979	5730821	28938	23804	28	0	680	780	0	0
188	5980	5730826	28938	23802	28	0	680	780	0	0
189	5981	5730831	28938	23802	36	0	680	780	0	0
190	5982	5730836	28938	23802	36	0	680	780	0	0
191	5983	5730841	28938	23802	48	0	680	780	0	0
192	5984	5730846	28938	23802	56	0	680	780	0	0
193	5985	5730851	28938	23802	68	0	670	780	0	0
194	5986	5730856	28938	23802	68	0	670	780	0	0
195	5987	5730861	28938	23802	76	0	670	780	0	0
196	5988	5730866	28938	23802	84	0	670	780	0	0
197	5989	5730871	28938	23802	84	0	670	780	0	0
198	5990	5730876	28938	23802	96	0	660	790	0	0
199	5991	5730881	28938	23802	96	0	660	790	0	0
200	5992	5730886	28938	23802	96	0	660	790	0	0
201	5993	5730891	28938	23802	96	0	660	790	0	0
202	5994	5730896	28938	23802	104	0	660	790	0	0
203	5995	5730901	28938	23802	104	0	660	790	0	0
204	5996	5730906	28936	23802	104	0	650	790	0	0
205	5997	5730911	28935	23802	96	0	650	790	0	0
206	5998	5730916	28933	23802	96	0	650	790	0	0
207	5999	5730921	28931	23802	96	0	650	790	0	0
208	6000	5730926	28930	23802	96	0	650	790	0	0
209	6001	5730931	28928	23802	96	0	650	790	0	0
210	6002	5730936	28925	23802	96	0	650	790	0	0
211	6003	5730941	28922	23802	84	0	650	790	0	0
212	6004	5730946	28919	23802	84	0	640	800	0	0
213	6005	5730951	28918	23802	96	0	640	800	0	0
214	6006	5730956	28916	23802	96	0	640	800	0	0
215	6007	5730961	28915	23802	96	0	640	800	0	0
216	6008	5730966	28913	23802	96	0	640	800	0	0
217	6009	5730971	28911	23802	96	0	640	800	0	0
218	6010	5730976	28909	23802	96	0	640	800	0	0
219	6011	5730981	28908	23802	104	0	640	800	0	0
220	6012	5730986	28907	23802	104	0	640	800	0	0
221	6013	5730991	28905	23803	104	0	640	800	0	0
222	6014	5730996	28903	23805	104	0	640	800	0	0
223	6015	5731001	28901	23806	104	0	640	800	0	0
224	6016	5731006	28899	23807	104	0	640	800	0	0
225	6017	5731011	28897	23808	104	0	640	800	0	0
226	6018	5731016	28894	23808	104	0	640	800	0	0
227	6019	5731021	28889	23809	104	0	640	800	0	0
228	6020	5731026	28888	23809	96	0	650	790	0	0
229	6021	5731031	28884	23809	96	0	650	790	0	0
230	6022	5731036	28881	23809	96	0	650	790	0	0
231	6023	5731041	28878	23809	96	0	650	790	0	0
232	6024	5731046	28874	23809	96	0	650	790	0	0
233	6025	5731051	28871	23809	96	0	650	790	0	0
234	6026	5731056	28866	23809	84	0	650	790	0	0
235	6027	5731061	28862	23809	84	0	650	790	0	0
236	6028	5731066	28859	23809	84	0	650	790	0	0
237	6029	5731071	28856	23809	76	0	650	790	0	0
238	6030	5731076	28853	23809	76	0	650	790	0	0
239	6031	5731081	28850	23809	76	0	640	800	0	0
240	6032	5731086	28847	23809	68	0	640	800	0	0
241	6033	5731091	28845	23809	68	0	640	800	0	0
242	6034	5731096	28842	23809	68	0	640	800	0	0
243	6035	5731101	28840	23809	68	0	640	800	0	0
244	6036	5731106	28838	23809	56	0	640	800	0	0
245	6037	5731111	28836	23809	56	0	640	800	0	0
246	6038	5731116	28834	23809	56	0	640	800	0	0
247	6039	5731121	28833	23807	48	0	640	800	0	0
248	6040	5731126	28832	23805	48	0	640	770	0	0
249	6041	5731131	28831	23800	36	0	640	770	0	0
250	6042	5731136	28830	23796	36	0	640	770	0	0
251	6043	5731141	28829	23792	28	0	640	770	0	0
252	6044	5731146	28827	23789	16	0	640	770	0	0
253	6045	5731151	28825	23786	16	0	640	770	0	0
254	6046	5731156	28823	23783	8	0	650	770	0	0
255	6047	5731161	28821	23780	8	0	650	770	0	0
256	6048	5731166	28819	23778	8	0	650	770	0	0
257	6049	5731171	28817	23777	0	0	650	770	0	0
258	6050	5731176	28815	23776	0	0	660	760	0	0
259	6051	5731181	28814	23776	0	0	660	760	0	0
260	6052	5731186	28813	23775	0	0	660	760	0	0
261	6053	5731191	28813	23774	0	0	660	760	0	0
262	6054	5731196	28812	23774	0	12	670	750	0	0
263	6055	5731201	28812	23774	0	23	670	750	0	0
264	6056	5731206	28812	23773	0	34	670	750	0	0
265	6057	5731211	28812	23773	0	50	670	750	0	0
266	6058	5731216	28812	23772	0	69	680	750	0	0
267	6059	5731221	28812	23771	0	90	680	750	0	0
268	6060	5731226	28812	23771	0	110	680	750	0	0
269	6061	5731231	28812	23770	0	132	680	750	0	0
270	6062	5731236	28812	23769	0	155	680	750	0	0
271	6063	5731241	28812	23769	0	175	680	750	0	0
272	6064	5731246	28812	23768	0	197	680	750	0	0
273	6065	5731251	28812	23768	0	219	680	750	0	0
274	6066	5731256	28812	23767	0	242	680	750	0	0
275	6067	5731261	28812	23767	0	260	680	750	0	0
276	6068	5731266	28812	23767	0	279	680	750	0	0
277	6069	5731271	28812	23767	0	297	690	770	0	0
278	6070	5731276	28812	23767	0	313	690	770	0	0
279	6071	5731281	28812	23767	0	326	690	770	0	0
280	6072	5731286	28812	23767	0	340	690	770	0	0
281	6073	5731291	28812	23767	0	354	690	770	0	0
282	6074	5731296	28812	23767	0	364	690	770	0	0
283	6075	5731301	28812	23767	0	372	690	770	0	0
284	6076	5731306	28812	23767	0	381	690	770	0	0
285	6077	5731311	28812	23767	0	392	690	770	0	0
286	6078	5731316	28812	23767	0	400	690	770	0	0
287	6079	5731321	28812	23767	0	404	690	770	0	0
288	6080	5731326	28812	23767	0	410	690	770	0	0
289	6081	5731331	28812	23767	0	416	690	770	0	0
290	6082	5731336	28812	23767	0	420	690	770	0	0
291	6083	5731341	28812	23767	0	422	690	770	0	0
292	6084	5731346	28812	23767	0	426	690	770	0	0
293	6085	5731351	28812	23767	0	432	690	770	0	0
294	6086	5731356	28812	23767	0	438	690	770	0	0
295	6087	5731361	28812	23767	0	441	690	770	0	0
296	6088	5731366	28812	23767	0	445	690	770	0	0
297	6089	5731371	28813	23767	0	452	690	770	0	0
298	6090	5731376	28815	23767	0	456	690	770	0	0
299	6091	5731381	28817	23767	0	458	690	770	0	0
300	6092	5731386	28819	23767	0	460	690	770	0	0
301	6093	5731391	28821	23767	0	465	690	770	0	0
302	6094	5731396	28823	23767	0	468	690	770	0	0
303	6095	5731401	28825	23767	0	467	690	770	0	0
304	6096	5731406	28828	23767	0	468	690	770	0	0
305	6097	5731411	28831	23767	0	473	680	780	0	0
306	6098	5731416	28833	23767	0	474	680	780	0	0
307	6099	5731421	28837	23767	0	474	680	780	0	0
308	6100	5731426	28840	23767	0	476	680	780	0	0
309	6101	5731431	28844	23767	0	480	680	780	0	0
310	6102	5731436	28848	23767	0	483	680	780	0	0
311	6103	5731441	28851	23768	0	484	680	780	0	0
312	6104	5731446	28855	23771	0	487	680	780	0	0
313	6105	5731451	28859	23774	0	492	680	780	0	0
314	6106	5731456	28864	23777	0	496	680	780	0	0
315	6107	5731461	28869	23780	0	498	680	780	0	0
316	6108	5731466	28873	23784	0	500	680	780	0	0
317	6109	5731471	28879	23787	0	504	680	780	0	0
318	6110	5731476	28884	23791	0	505	680	780	0	0
319	6111	5731481	28889	23795	0	503	680	780	0	0
320	6112	5731486	28894	23799	0	504	680	780	0	0
321	6113	5731491	28899	23803	0	509	690	770	0	0
322	6114	5731496	28903	23807	0	511	690	770	0	0
323	6115	5731501	28907	23811	0	510	690	770	0	0
324	6116	5731506	28911	23815	0	510	690	770	0	0
325	6117	5731511	28915	23819	0	513	690	770	0	0
326	6118	5731516	28918	23823	0	514	690	770	0	0
327	6119	5731521	28921	23827	0	512	690	800	0	0
328	6120	5731526	28924	23831	0	513	690	800	0	0
329	6121	5731531	28927	23836	0	516	690	800	0	0
330	6122	5731536	28931	23841	0	517	690	800	0	0
331	6123	5731541	28934	23846	0	515	690	800	0	0
332	6124	5731546	28938	23852	0	516	690	800	0	0
333	6125	5731551	28942	23857	0	520	690	800	0	0
334	6126	5731556	28946	23862	0	522	690	800	0	0
335	6127	5731561	28949	23867	0	521	690	800	0	0
336	6128	5731566	28953	23872	0	522	690	800	0	0
337	6129	5731571	28956	23877	0	524	690	800	0	0
338	6130	5731576	28959	23883	0	525	690	800	0	0
339	6131	5731581	28962	23889	0	524	690	800	0	0
340	6132	5731586	28965	23895	0	525	690	800	0	0
341	6133	5731591	28968	23901	0	528	690	800	0	0
342	6134	5731596	28971	23908	0	528	690	800	0	0
343	6135	5731601	28975	23915	0	527	690	800	0	0
344	6136	5731606	28979	23922	0	528	690	800	0	0
345	6137	5731611	28983	23929	0	529	690	800	0	0
346	6138	5731616	28988	23936	0	529	690	800	0	0
347	6139	5731621	28993	23943	0	527	690	800	0	0
348	6140	5731626	28997	23949	0	529	690	820	0	0
349	6141	5731631	29002	23955	0	533	690	820	0	0
350	6142	5731636	29007	23962	0	534	690	820	0	0
351	6143	5731641	29012	23969	0	531	700	820	0	0
352	6144	5731646	29017	23976	0	531	700	820	0	0
353	6145	5731651	29022	23982	0	536	700	820	0	0
354	6146	5731656	29026	23989	0	537	700	820	0	0
355	6147	5731661	29031	23996	0	537	700	820	0	0
356	6148	5731666	29035	24003	0	537	700	820	0	0
357	6149	5731671	29040	24010	0	540	700	820	0	0
358	6150	5731676	29045	24016	0	541	700	820	0	0
359	6151	5731681	29050	24022	0	540	700	820	0	0
360	6152	5731686	29054	24029	0	540	700	820	0	0
361	6153	5731691	29058	24036	0	544	700	820	0	0
362	6154	5731696	29063	24042	0	546	700	820	0	0
363	6155	5731701	29068	24049	0	545	700	820	0	0
364	6156	5731706	29072	24055	0	545	700	820	0	0
365	6157	5731711	29077	24062	0	547	700	820	0	0
366	6158	5731716	29081	24069	0	547	700	850	0	0
367	6159	5731721	29085	24076	0	545	700	850	0	0
368	6160	5731726	29090	24084	0	545	700	850	0	0
369	6161	5731731	29094	24091	0	549	700	850	0	0
370	6162	5731736	29099	24098	0	549	700	850	0	0
371	6163	5731741	29102	24105	0	546	700	850	0	0
372	6164	5731746	29106	24112	0	546	700	850	0	0
373	6165	5731751	29109	24120	0	549	700	850	0	0
374	6166	5731756	29113	24127	0	547	700	850	0	0
375	6167	5731761	29116	24133	0	544	700	850	0	0
376	6168	5731766	29120	24140	0	544	700	850	0	0
377	6169	5731771	29123	24147	0	549	700	850	0	0
378	6170	5731776	29127	24154	0	551	700	850	0	0
379	6171	5731781	29130	24161	0	547	700	850	0	0
380	6172	5731786	29134	24168	0	547	700	850	0	0
381	6173	5731791	29138	24175	0	550	700	820	0	0
382	6174	5731796	29142	24182	0	550	700	820	0	0
383	6175	5731801	29146	24190	0	547	700	820	0	0
384	6176	5731806	29150	24196	0	549	700	820	0	0
385	6177	5731811	29153	24204	0	552	700	820	0	0
386	6178	5731816	29158	24212	0	553	700	820	0	0
387	6179	5731821	29162	24221	0	550	700	820	0	0
388	6180	5731826	29167	24230	0	551	700	820	0	0
389	6181	5731831	29171	24239	0	555	700	820	0	0
390	6182	5731836	29175	24248	0	555	700	820	0	0
391	6183	5731841	29179	24257	0	553	700	820	0	0
392	6184	5731846	29183	24265	0	551	700	820	0	0
393	6185	5731851	29186	24274	0	552	700	820	0	0
394	6186	5731856	29189	24282	0	551	700	820	0	0
395	6187	5731861	29192	24289	0	549	700	820	0	0
396	6188	5731866	29195	24296	0	550	700	820	0	0
397	6189	5731871	29197	24304	0	552	700	820	0	0
398	6190	5731876	29199	24311	0	553	700	820	0	0
399	6191	5731881	29201	24319	0	550	700	820	0	0
400	6192	5731886	29203	24327	0	549	700	820	0	0
401	6193	5731891	29204	24334	0	550	700	820	0	0
402	6194	5731896	29206	24342	0	549	700	820	0	0
403	6195	5731901	29208	24350	0	546	700	820	0	0
404	6196	5731906	29209	24358	0	545	700	820	0	0
405	6197	5731911	29211	24367	0	547	700	820	0	0
406	6198	5731916	29213	24376	0	547	700	790	0	0
407	6199	5731921	29216	24385	0	544	700	790	0	0
408	6200	5731926	29218	24393	0	543	700	790	0	0
409	6201	5731931	29220	24401	0	545	700	790	0	0
410	6202	5731936	29223	24407	0	545	700	760	0	0
411	6203	5731941	29225	24414	0	542	700	760	0	0
412	6204	5731946	29228	24421	0	541	700	760	0	0
413	6205	5731951	29230	24428	0	543	700	730	0	0
414	6206	5731956	29233	24435	0	544	700	730	0	0
415	6207	5731961	29235	24442	0	541	700	730	0	0
416	6208	5731966	29238	24448	0	542	700	730	0	0
417	6209	5731971	29240	24454	0	544	700	730	0	0
418	6210	5731976	29242	24461	0	543	700	730	0	0
419	6211	5731981	29243	24467	0	537	700	700	0	0
420	6212	5731986	29245	24473	0	535	700	700	0	0
421	6213	5731991	29246	24479	0	537	700	730	0	0
422	6214	5731996	29248	24485	0	536	700	730	0	0
423	6215	5732001	29250	24492	0	535	700	730	0	0
424	6216	5732006	29251	24500	0	535	700	730	0	0
425	6217	5732011	29253	24508	0	537	700	730	0	0
426	6218	5732016	29254	24516	0	537	700	730	0	0
427	6219	5732021	29256	24523	0	532	700	730	0	0
428	6220	5732026	29258	24530	0	530	700	730	0	0
429	6221	5732031	29259	24537	0	530	700	730	0	0
430	6222	5732036	29260	24542	0	527	700	760	0	0
431	6223	5732041	29260	24547	0	525	700	760	0	0
432	6224	5732046	29261	24551	0	525	700	760	0	0
433	6225	5732051	29261	24555	0	527	700	760	0	0
434	6226	5732056	29262	24559	0	529	700	760	0	0
435	6227	5732061	29262	24563	0	527	700	760	0	0
436	6228	5732066	29263	24567	0	527	700	760	0	0
437	6229	5732071	29263	24572	0	530	690	760	0	0
438	6230	5732076	29265	24576	0	530	690	760	0	0
439	6231	5732081	29266	24580	0	528	690	760	0	0
440	6232	5732086	29267	24585	0	526	690	760	0	0
441	6233	5732091	29268	24589	0	528	690	760	0	0
442	6234	5732096	29270	24593	0	527	690	760	0	0
443	6235	5732101	29271	24596	0	523	690	760	0	0
444	6236	5732106	29271	24599	0	521	700	790	0	0
445	6237	5732111	29272	24602	0	521	700	790	0	0
446	6238	5732116	29272	24605	0	520	700	790	0	0
447	6239	5732121	29272	24608	0	516	700	790	0	0
448	6240	5732126	29272	24610	0	515	700	790	0	0
449	6241	5732131	29272	24613	0	517	700	790	0	0
450	6242	5732136	29272	24616	0	516	700	790	0	0
451	6243	5732141	29272	24620	0	513	700	790	0	0
452	6244	5732146	29272	24624	0	513	700	790	0	0
453	6245	5732151	29272	24627	0	515	700	790	0	0
454	6246	5732156	29272	24631	0	515	700	790	0	0
455	6247	5732161	29272	24635	0	513	700	790	0	0
456	6248	5732166	29272	24638	0	512	700	790	0	0
457	6249	5732171	29272	24642	0	513	700	790	0	0
458	6250	5732176	29273	24645	0	512	700	790	0	0
459	6251	5732181	29273	24648	0	508	700	790	0	0
460	6252	5732186	29273	24650	0	507	700	790	0	0
461	6253	5732191	29273	24653	0	508	700	790	0	0
462	6254	5732196	29274	24656	0	507	700	820	0	0
463	6255	5732201	29274	24659	0	505	700	820	0	0
464	6256	5732206	29274	24662	0	504	700	820	0	0
465	6257	5732211	29274	24665	0	506	700	820	0	0
466	6258	5732216	29274	24668	0	505	700	820	0	0
467	6259	5732221	29274	24670	0	502	700	820	0	0
468	6260	5732226	29274	24673	0	502	700	820	0	0
469	6261	5732231	29274	24676	0	503	700	820	0	0
470	6262	5732236	29274	24679	0	503	700	820	0	0
471	6263	5732241	29274	24681	0	501	700	820	0	0
472	6264	5732246	29274	24683	0	500	700	820	0	0
473	6265	5732251	29274	24686	0	501	700	820	0	0
474	6266	5732256	29274	24688	0	500	700	820	0	0
475	6267	5732261	29274	24691	0	498	700	820	0	0
476	6268	5732266	29274	24693	0	496	700	820	0	0
477	6269	5732271	29274	24695	0	497	700	820	0	0
478	6270	5732276	29274	24696	0	496	700	820	0	0
479	6271	5732281	29274	24698	0	493	700	820	0	0
480	6272	5732286	29274	24699	0	491	700	820	0	0
481	6273	5732291	29274	24700	0	492	700	820	0	0
482	6274	5732296	29274	24701	0	491	700	820	0	0
483	6275	5732301	29274	24702	0	488	700	820	0	0
484	6276	5732306	29274	24703	0	486	700	820	0	0
485	6277	5732311	29274	24704	0	487	700	820	0	0
486	6278	5732316	29274	24705	0	486	700	820	0	0
487	6279	5732321	29274	24706	0	482	700	820	0	0
488	6280	5732326	29274	24706	0	481	700	820	0	0
489	6281	5732331	29274	24707	0	481	700	820	0	0
490	6282	5732336	29274	24707	0	480	700	820	0	0
491	6283	5732341	29274	24708	0	476	700	820	0	0
492	6284	5732346	29274	24708	0	475	700	820	0	0
493	6285	5732351	29274	24709	0	474	700	820	0	0
494	6286	5732356	29274	24710	0	470	700	820	0	0
495	6287	5732361	29274	24710	0	466	700	820	0	0
496	6288	5732366	29274	24711	0	463	700	820	0	0
497	6289	5732371	29274	24711	0	461	700	820	0	0
498	6290	5732376	29274	24712	0	459	700	820	0	0
499	6291	5732381	29274	24713	0	454	700	820	0	0
500	6292	5732386	29272	24713	0	452	700	820	0	0
501	6293	5732391	29270	24714	0	452	700	820	0	0
502	6294	5732396	29269	24714	0	450	700	820	0	0
503	6295	5732401	29267	24714	0	447	700	820	0	0
504	6296	5732406	29265	24715	0	445	700	820	0	0
505	6297	5732411	29264	24715	0	445	700	820	0	0
506	6298	5732416	29262	24716	0	445	700	820	0	0
507	6299	5732421	29260	24716	0	441	700	820	0	0
508	6300	5732426	29259	24716	0	442	700	820	0	0
509	6301	5732431	29257	24717	0	443	700	820	0	0
510	6302	5732436	29255	24717	0	443	700	820	0	0
511	6303	5732441	29253	24718	0	441	700	820	0	0
512	6304	5732446	29252	24718	0	439	700	820	0	0
513	6305	5732451	29250	24720	0	440	700	820	0	0
514	6306	5732456	29248	24721	0	439	700	820	0	0
515	6307	5732461	29246	24722	0	435	700	820	0	0
516	6308	5732466	29243	24723	0	434	700	820	0	0
517	6309	5732471	29241	24724	0	434	700	820	0	0
518	6310	5732476	29238	24725	0	433	700	820	0	0
519	6311	5732481	29236	24727	0	431	700	820	0	0
520	6312	5732486	29233	24728	0	431	700	820	0	0
521	6313	5732491	29230	24728	0	433	700	820	0	0
522	6314	5732496	29227	24729	0	432	700	820	0	0
523	6315	5732501	29223	24730	0	430	700	820	0	0
524	6316	5732506	29220	24731	0	429	700	820	0	0
525	6317	5732511	29217	24732	0	429	700	820	0	0
526	6318	5732516	29214	24733	0	428	700	820	0	0
527	6319	5732521	29211	24734	0	425	700	820	0	0
528	6320	5732526	29208	24734	0	424	700	820	0	0
529	6321	5732531	29205	24735	0	425	700	820	0	0
530	6322	5732536	29202	24735	0	425	700	820	0	0
531	6323	5732541	29200	24735	0	423	700	820	0	0
532	6324	5732546	29198	24735	0	422	700	820	0	0
533	6325	5732551	29195	24735	0	423	700	820	0	0
534	6326	5732556	29191	24735	0	422	700	820	0	0
535	6327	5732561	29188	24735	0	418	700	820	0	0
536	6328	5732566	29185	24735	0	416	700	820	0	0
537	6329	5732571	29182	24735	0	415	700	820	0	0
538	6330	5732576	29178	24735	0	412	700	820	0	0
539	6331	5732581	29174	24735	0	408	700	820	0	0
540	6332	5732586	29170	24735	0	406	700	820	0	0
541	6333	5732591	29166	24735	0	406	700	820	0	0
542	6334	5732596	29161	24735	0	405	700	820	0	0
543	6335	5732601	29157	24735	0	402	700	820	0	0
544	6336	5732606	29153	24735	0	402	700	820	0	0
545	6337	5732611	29148	24735	0	403	700	820	0	0
546	6338	5732616	29143	24735	0	401	700	820	0	0
547	6339	5732621	29138	24733	0	400	700	820	0	0
548	6340	5732626	29134	24730	0	400	700	820	0	0
549	6341	5732631	29129	24727	0	403	700	820	0	0
550	6342	5732636	29125	24724	0	405	700	820	0	0
551	6343	5732641	29120	24721	0	405	700	820	0	0
552	6344	5732646	29116	24718	0	407	690	820	0	0
553	6345	5732651	29112	24715	0	409	690	820	0	0
554	6346	5732656	29108	24712	0	410	690	820	0	0
555	6347	5732661	29104	24708	0	408	690	820	0	0
556	6348	5732666	29100	24705	0	406	690	820	0	0
557	6349	5732671	29096	24702	0	407	690	820	0	0
558	6350	5732676	29094	24698	0	408	690	820	0	0
559	6351	5732681	29091	24695	0	408	690	820	0	0
560	6352	5732686	29089	24691	0	409	690	820	0	0
561	6353	5732691	29087	24688	0	411	690	820	0	0
562	6354	5732696	29085	24684	0	413	690	820	0	0
563	6355	5732701	29083	24679	0	411	690	820	0	0
564	6356	5732706	29081	24675	0	411	690	820	0	0
565	6357	5732711	29079	24670	0	413	690	820	0	0
566	6358	5732716	29076	24664	0	413	690	820	0	0
567	6359	5732721	29073	24658	0	413	690	820	0	0
568	6360	5732726	29070	24652	0	413	690	820	0	0
569	6361	5732731	29067	24645	0	416	690	820	0	0
570	6362	5732736	29065	24638	0	417	690	820	0	0
571	6363	5732741	29062	24632	0	417	690	820	0	0
572	6364	5732746	29060	24624	0	420	690	820	0	0
573	6365	5732751	29057	24617	0	425	690	820	0	0
574	6366	5732756	29056	24610	0	429	690	820	0	0
575	6367	5732761	29054	24603	0	430	690	820	0	0
576	6368	5732766	29053	24597	0	431	690	820	0	0
577	6369	5732771	29052	24590	0	435	690	820	0	0
578	6370	5732775	29050	24584	0	440	690	820	0	0
579	6371	5732780	29048	24578	0	442	690	820	0	0
580	6372	5732785	29047	24573	0	444	690	820	0	0
581	6373	5732790	29045	24566	0	447	690	820	0	0
582	6374	5732795	29044	24560	0	448	690	820	0	0
583	6375	5732800	29043	24552	0	446	690	800	0	0
584	6376	5732805	29041	24545	0	447	690	800	0	0
585	6377	5732810	29040	24537	0	449	690	800	0	0
586	6378	5732815	29039	24529	0	451	690	800	0	0
587	6379	5732820	29039	24521	0	454	690	800	0	0
588	6380	5732825	29038	24513	0	460	690	800	0	0
589	6381	5732830	29038	24506	0	463	690	800	0	0
590	6382	5732835	29037	24498	0	464	690	770	0	0
591	6383	5732840	29037	24490	0	465	690	770	0	0
592	6384	5732845	29037	24483	0	469	690	770	0	0
593	6385	5732850	29037	24474	0	473	690	770	0	0
594	6386	5732855	29037	24465	0	473	690	770	0	0
595	6387	5732860	29037	24456	0	473	690	770	0	0
596	6388	5732865	29037	24446	0	476	690	770	0	0
597	6389	5732870	29037	24437	0	479	690	770	0	0
598	6390	5732875	29037	24427	0	480	680	750	0	0
599	6391	5732880	29037	24418	0	478	680	750	0	0
600	6392	5732885	29037	24408	0	480	680	750	0	0
601	6393	5732890	29037	24396	0	486	680	750	0	0
602	6394	5732895	29037	24385	0	489	680	750	0	0
603	6395	5732900	29037	24374	0	489	680	750	0	0
604	6396	5732905	29037	24362	0	490	680	750	0	0
605	6397	5732910	29037	24351	0	492	680	750	0	0
606	6398	5732915	29037	24339	0	492	680	750	0	0
607	6399	5732920	29037	24326	0	493	680	750	0	0
608	6400	5732925	29037	24315	0	497	680	750	0	0
609	6401	5732930	29037	24304	0	501	680	750	0	0
610	6402	5732935	29037	24293	0	503	690	770	0	0
611	6403	5732940	29037	24284	0	504	690	770	0	0
612	6404	5732945	29037	24274	0	507	690	770	0	0
613	6405	5732950	29037	24266	0	510	690	770	0	0
614	6406	5732955	29037	24258	0	512	690	770	0	0
615	6407	5732960	29037	24251	0	512	690	800	0	0
616	6408	5732965	29037	24244	0	513	690	800	0	0
617	6409	5732970	29037	24238	0	515	690	800	0	0
618	6410	5732975	29037	24231	0	515	700	790	0	0
619	6411	5732980	29037	24223	0	514	700	820	0	0
620	6412	5732985	29037	24215	0	515	700	820	0	0
621	6413	5732990	29037	24205	0	516	700	820	0	0
622	6414	5732995	29037	24196	0	516	700	820	0	0
623	6415	5733000	29037	24186	0	516	700	820	0	0
624	6416	5733005	29037	24177	0	520	700	820	0	0
625	6417	5733010	29037	24168	0	523	700	790	0	0
626	6418	5733015	29037	24160	0	523	700	790	0	0
627	6419	5733020	29037	24153	0	523	700	790	0	0
628	6420	5733025	29037	24147	0	524	700	790	0	0
629	6421	5733030	29037	24142	0	525	700	790	0	0
630	6422	5733035	29037	24137	0	525	700	790	0	0
631	6423	5733040	29037	24131	0	523	700	790	0	0
632	6424	5733045	29037	24125	0	524	700	790	0	0
633	6425	5733050	29037	24119	0	526	700	790	0	0
634	6426	5733055	29037	24112	0	525	700	820	0	0
635	6427	5733060	29037	24105	0	524	700	820	0	0
636	6428	5733065	29037	24097	0	524	700	820	0	0
637	6429	5733070	29037	24089	0	527	700	820	0	0
638	6430	5733075	29037	24081	0	529	700	820	0	0
639	6431	5733080	29037	24074	0	528	700	820	0	0
640	6432	5733085	29037	24067	0	530	700	820	0	0
641	6433	5733090	29037	24059	0	532	700	820	0	0
642	6434	5733095	29037	24051	0	531	700	820	0	0
643	6435	5733100	29037	24042	0	529	700	820	0	0
644	6436	5733105	29037	24034	0	530	700	820	0	0
645	6437	5733110	29037	24025	0	532	700	820	0	0
646	6438	5733115	29037	24016	0	534	700	820	0	0
647	6439	5733120	29037	24008	0	534	700	820	0	0
648	6440	5733125	29037	23998	0	534	700	820	0	0
649	6441	5733130	29037	23990	0	535	700	820	0	0
650	6442	5733135	29038	23982	0	535	700	820	0	0
651	6443	5733140	29039	23974	0	533	700	820	0	0
652	6444	5733145	29041	23968	0	534	700	820	0	0
653	6445	5733150	29042	23962	0	537	700	820	0	0
654	6446	5733155	29043	23956	0	538	700	820	0	0
655	6447	5733160	29044	23950	0	538	700	820	0	0
656	6448	5733165	29046	23944	0	538	700	790	0	0
657	6449	5733170	29047	23937	0	539	700	790	0	0
658	6450	5733175	29048	23931	0	538	700	790	0	0
659	6451	5733180	29050	23925	0	536	700	790	0	0
660	6452	5733185	29052	23918	0	536	700	790	0	0
661	6453	5733190	29054	23911	0	539	700	790	0	0
662	6454	5733195	29056	23904	0	539	700	790	0	0
663	6455	5733200	29058	23897	0	539	700	790	0	0
664	6456	5733205	29061	23890	0	541	700	790	0	0
665	6457	5733210	29064	23884	0	543	700	790	0	0
666	6458	5733215	29066	23878	0	543	700	790	0	0
667	6459	5733220	29069	23872	0	541	700	790	0	0
668	6460	5733225	29071	23865	0	542	700	790	0	0
669	6461	5733230	29074	23859	0	543	700	790	0	0
670	6462	5733235	29078	23852	0	542	700	790	0	0
671	6463	5733240	29080	23846	0	541	700	790	0	0
672	6464	5733245	29084	23839	0	542	700	790	0	0
673	6465	5733250	29086	23833	0	545	690	760	0	0
674	6466	5733255	29089	23828	0	545	690	760	0	0
675	6467	5733260	29092	23823	0	544	690	760	0	0
676	6468	5733265	29095	23819	0	546	690	760	0	0
677	6469	5733270	29097	23815	0	547	690	760	0	0
678	6470	5733275	29099	23811	0	546	690	760	0	0
679	6471	5733280	29102	23809	0	546	690	760	0	0
680	6472	5733285	29104	23807	0	546	690	760	0	0
681	6473	5733290	29106	23805	0	547	690	760	0	0
682	6474	5733295	29108	23802	0	547	690	760	0	0
683	6475	5733300	29111	23801	0	545	700	760	0	0
684	6476	5733305	29113	23799	0	546	700	760	0	0
685	6477	5733310	29116	23797	0	546	700	760	0	0
686	6478	5733315	29118	23796	0	545	700	760	0	0
687	6479	5733320	29120	23794	0	544	700	760	0	0
688	6480	5733325	29122	23793	0	544	700	760	0	0
689	6481	5733330	29125	23792	0	545	700	730	0	0
690	6482	5733335	29127	23792	0	545	700	730	0	0
691	6483	5733340	29130	23791	0	544	700	730	0	0
692	6484	5733345	29134	23790	0	545	700	730	0	0
693	6485	5733350	29136	23790	0	547	700	730	0	0
694	6486	5733355	29140	23790	0	547	700	730	0	0
695	6487	5733360	29144	23790	0	546	700	730	0	0
696	6488	5733365	29149	23790	0	547	700	730	0	0
697	6489	5733370	29154	23790	0	548	700	730	0	0
698	6490	5733375	29159	23790	0	547	700	730	0	0
699	6491	5733380	29164	23790	0	545	700	730	0	0
700	6492	5733385	29169	23790	0	545	700	730	0	0
701	6493	5733390	29175	23790	0	545	700	730	0	0
702	6494	5733395	29179	23790	0	544	700	730	0	0
703	6495	5733400	29184	23790	0	542	700	730	0	0
704	6496	5733405	29188	23790	0	542	700	730	0	0
705	6497	5733410	29192	23790	0	542	700	730	0	0
706	6498	5733415	29197	23790	0	542	700	760	0	0
707	6499	5733420	29201	23790	0	540	700	760	0	0
708	6500	5733425	29206	23790	0	542	700	760	0	0
709	6501	5733430	29211	23791	0	543	700	760	0	0
710	6502	5733435	29218	23795	0	543	700	760	0	0
711	6503	5733440	29224	23800	0	543	700	760	0	0
712	6504	5733445	29231	23805	0	544	700	760	0	0
713	6505	5733450	29238	23810	0	544	700	760	0	0
714	6506	5733455	29245	23815	0	542	700	760	0	0
715	6507	5733460	29251	23819	0	539	700	760	0	0
716	6508	5733465	29256	23823	0	538	700	760	0	0
717	6509	5733470	29260	23827	0	536	700	760	0	0
718	6510	5733475	29264	23830	0	529	700	760	0	0
719	6511	5733480	29267	23832	0	522	700	760	0	0
720	6512	5733485	29270	23833	0	515	710	750	0	0
721	6513	5733490	29272	23835	0	507	710	750	0	0
722	6514	5733495	29275	23836	0	492	710	750	0	0
723	6515	5733500	29276	23837	0	470	710	750	0	0
724	6516	5733505	29278	23838	0	446	710	750	0	0
725	6517	5733510	29280	23839	0	417	710	750	0	0
726	6518	5733515	29282	23840	0	383	710	750	0	0
727	6519	5733520	29284	23841	0	335	710	750	0	0
728	6520	5733525	29285	23843	0	278	710	750	0	0
729	6521	5733530	29286	23845	0	211	700	760	0	0
730	6522	5733535	29287	23848	0	143	700	760	0	0
731	6523	5733540	29287	23851	0	79	700	760	0	0
732	6524	5733545	29287	23856	0	30	700	760	0	0
733	6525	5733550	29287	23856	0	0	700	760	0	0
734	6526	5733555	29287	23868	0	0	700	760	0	0
735	6527	5733560	29287	23875	0	0	700	760	0	0
736	6528	5733565	29287	23882	8	0	700	760	0	0
737	6529	5733570	29287	23890	28	0	700	760	0	0
738	6530	5733575	29287	23898	36	0	700	760	0	0
739	6531	5733580	29287	23908	56	0	700	760	0	0
740	6532	5733585	29287	23918	76	0	710	790	0	0
741	6533	5733590	29287	23929	96	0	710	790	0	0
742	6534	5733595	29287	23942	116	0	710	790	0	0
743	6535	5733600	29287	23956	144	0	700	790	0	0
744	6536	5733605	29287	23972	164	0	700	790	0	0
745	6537	5733610	29287	23988	192	0	700	790	0	0
746	6538	5733615	29287	24006	220	0	700	790	0	0
747	6539	5733620	29287	24023	260	0	690	820	0	0
748	6540	5733625	29287	24040	288	0	690	820	0	0
749	6541	5733630	29287	24057	320	0	680	830	0	0
750	6542	5733635	29287	24072	349	0	680	830	0	0
751	6543	5733640	29287	24072	369	0	680	850	0	0
752	6544	5733645	29287	24094	397	0	670	850	0	0
753	6545	5733650	29291	24094	417	0	670	880	0	0
754	6546	5733655	29294	24094	445	0	660	880	0	0
755	6547	5733660	29297	24094	465	0	660	880	0	0
756	6548	5733665	29301	24094	485	0	650	900	0	0
757	6549	5733670	29309	24099	505	0	650	900	0	0
758	6550	5733675	29312	24104	525	0	640	900	0	0
759	6551	5733680	29315	24108	533	0	640	900	0	0
760	6552	5733685	29318	24112	553	0	630	920	0	0
761	6553	5733690	29321	24117	561	0	630	920	0	0
762	6554	5733695	29327	24127	573	0	620	940	0	0
763	6555	5733700	29333	24137	593	0	620	940	0	0
764	6556	5733705	29338	24147	593	0	620	960	0	0
765	6557	5733710	29341	24151	601	0	610	970	0	0
766	6558	5733715	29346	24160	613	0	610	970	0	0
767	6559	5733720	29352	24169	613	0	610	990	0	0
768	6560	5733725	29358	24178	621	0	600	990	0	0
769	6561	5733730	29358	24178	621	0	600	990	0	0
770	6561	5733730	29358	24178	621	0	600	990	0	0
771	6561	5733730	29358	24178	621	0	600	990	0	0
772	6561	5733730	29358	24178	621	0	600	990	0	0
773	6561	5733730	29358	24178	621	0	600	990	0	0
774	6561	5733730	29358	24178	621	0	600	990	0	0
775	6561	5733730	29358	24178	621	0	600	990	0	0
776	6561	5733730	29358	24178	621	0	600	990	0	0
777	6561	5733730	29358	24178	621	0	600	990	0	0
