Temps de latence : 2438 ms

N°Pt	SN	T	X	Y	Z	P	Alt	Azi	Twi	Lever
1	11204	5760013	33309	24137	922	0	490	980	0	0
2	11205	5760097	33309	24137	922	0	490	980	0	0
3	11206	5760237	33309	24137	922	0	490	980	0	0
4	11207	5760390	33309	24137	922	0	490	980	0	0
5	11208	5760429	33309	24137	922	0	490	980	0	0
6	11209	5760473	33309	24137	922	0	490	980	0	0
7	11210	5760513	34155	24641	942	0	640	640	0	0
8	11211	5760518	34155	24641	1002	0	640	640	0	0
9	11212	5760523	34155	24641	1002	0	640	640	0	0
10	11213	5760528	34149	24641	990	0	640	640	0	0
11	11214	5760533	34143	24643	990	0	640	640	0	0
12	11215	5760538	34137	24648	982	0	640	640	0	0
13	11216	5760543	34131	24654	982	0	640	640	0	0
14	11217	5760548	34125	24662	982	0	640	640	0	0
15	11218	5760553	34119	24671	982	0	640	640	0	0
16	11219	5760558	34113	24688	982	0	640	640	0	0
17	11220	5760563	34108	24698	982	0	640	640	0	0
18	11221	5760568	34102	24708	982	0	640	640	0	0
19	11222	5760573	34096	24717	982	0	640	640	0	0
20	11223	5760578	34088	24725	970	0	640	640	0	0
21	11224	5760583	34080	24732	970	0	630	650	0	0
22	11225	5760588	34072	24741	970	0	630	650	0	0
23	11226	5760593	34065	24749	962	0	630	650	0	0
24	11227	5760598	34056	24756	962	0	630	670	0	0
25	11228	5760603	34047	24764	950	0	620	680	0	0
26	11229	5760608	34039	24767	942	0	620	680	0	0
27	11230	5760613	34032	24767	930	0	620	680	0	0
28	11231	5760618	34025	24767	930	0	620	680	0	0
29	11232	5760623	34018	24767	922	0	610	690	0	0
30	11233	5760628	34011	24767	922	0	610	690	0	0
31	11234	5760633	34006	24767	910	0	610	690	0	0
32	11235	5760638	34002	24767	910	0	600	700	0	0
33	11236	5760643	34001	24767	902	0	610	720	0	0
34	11237	5760648	34000	24767	902	0	610	720	0	0
35	11238	5760653	33994	24767	890	0	610	720	0	0
36	11239	5760658	33983	24767	882	0	610	720	0	0
37	11240	5760663	33973	24767	870	0	600	720	0	0
38	11241	5760668	33963	24767	870	0	600	720	0	0
39	11242	5760673	33955	24769	862	0	600	720	0	0
40	11243	5760678	33941	24776	850	0	600	720	0	0
41	11244	5760683	33934	24780	842	0	600	720	0	0
42	11245	5760688	33927	24783	842	0	600	720	0	0
43	11246	5760693	33921	24786	830	0	600	720	0	0
44	11247	5760698	33916	24789	822	0	600	720	0	0
45	11248	5760703	33911	24791	822	0	600	720	0	0
46	11249	5760708	33906	24794	814	0	600	720	0	0
47	11250	5760713	33898	24796	802	0	600	720	0	0
48	11251	5760718	33894	24799	794	0	600	720	0	0
49	11252	5760723	33890	24802	782	0	600	720	0	0
50	11253	5760728	33884	24805	762	0	600	720	0	0
51	11254	5760733	33881	24808	754	0	610	720	0	0
52	11255	5760738	33879	24810	734	0	610	720	0	0
53	11256	5760743	33876	24815	714	0	610	720	0	0
54	11257	5760748	33875	24818	694	0	610	720	0	0
55	11258	5760753	33874	24823	673	0	610	720	0	0
56	11259	5760758	33872	24829	653	0	620	710	0	0
57	11260	5760763	33872	24834	621	0	620	710	0	0
58	11261	5760768	33869	24837	605	0	620	710	0	0
59	11262	5760773	33865	24837	585	0	620	710	0	0
60	11263	5760778	33859	24837	565	0	620	710	0	0
61	11264	5760783	33850	24834	553	0	620	710	0	0
62	11265	5760788	33838	24814	533	0	620	710	0	0
63	11266	5760793	33831	24787	513	0	620	710	0	0
64	11267	5760798	33816	24754	505	0	630	700	0	0
65	11268	5760803	33804	24718	485	0	630	700	0	0
66	11269	5760808	33792	24680	473	0	630	700	0	0
67	11270	5760813	33773	24642	465	0	630	700	0	0
68	11271	5760818	33760	24606	445	0	630	700	0	0
69	11272	5760823	33746	24571	433	0	620	680	0	0
70	11273	5760828	33727	24540	425	0	620	680	0	0
71	11274	5760833	33715	24521	425	0	630	670	0	0
72	11275	5760838	33704	24503	413	0	630	670	0	0
73	11276	5760843	33693	24486	405	0	630	670	0	0
74	11277	5760848	33684	24470	405	0	630	670	0	0
75	11278	5760853	33675	24470	397	0	630	670	0	0
76	11279	5760858	33667	24447	385	0	630	670	0	0
77	11280	5760863	33660	24424	385	0	630	670	0	0
78	11281	5760868	33654	24409	385	0	640	660	0	0
79	11282	5760873	33645	24394	377	0	640	660	0	0
80	11283	5760878	33641	24379	377	0	640	680	0	0
81	11284	5760883	33639	24365	365	0	640	680	0	0
82	11285	5760888	33637	24349	365	0	650	700	0	0
83	11286	5760893	33636	24333	357	0	650	720	0	0
84	11287	5760898	33636	24317	357	0	650	750	0	0
85	11288	5760903	33636	24302	357	0	650	770	0	0
86	11289	5760908	33636	24288	345	0	660	810	0	0
87	11290	5760913	33636	24288	345	0	660	830	0	0
88	11291	5760918	33636	24288	345	0	660	860	0	0
89	11292	5760923	33636	24287	345	0	670	880	0	0
90	11293	5760928	33636	24284	345	0	670	900	0	0
91	11294	5760933	33642	24281	345	0	670	900	0	0
92	11295	5760938	33654	24278	345	0	670	920	0	0
93	11296	5760943	33669	24270	345	0	670	950	0	0
94	11297	5760948	33686	24263	345	0	670	970	0	0
95	11298	5760953	33688	24258	345	0	670	990	0	0
96	11299	5760958	33707	24253	345	0	670	990	0	0
97	11300	5760963	33729	24249	345	0	670	1020	0	0
98	11301	5760968	33753	24244	336	0	670	1020	0	0
99	11302	5760973	33776	24243	336	0	670	1020	0	0
100	11303	5760978	33776	24243	336	0	670	1020	0	0
101	11304	5760983	33797	24242	336	0	680	1020	0	0
102	11305	5760988	33797	24241	336	0	680	1020	0	0
103	11306	5760993	33801	24240	336	0	680	1020	0	0
104	11307	5760998	33806	24238	324	0	680	1020	0	0
105	11308	5761003	33810	24234	324	0	680	1020	0	0
106	11309	5761008	33820	24230	324	0	680	1020	0	0
107	11310	5761013	33831	24226	324	0	680	1020	0	0
108	11311	5761018	33839	24219	324	0	690	1000	0	0
109	11312	5761023	33847	24215	316	0	690	1000	0	0
110	11313	5761028	33855	24208	304	0	690	1000	0	0
111	11314	5761033	33864	24198	296	0	690	1000	0	0
112	11315	5761038	33868	24191	296	0	690	1000	0	0
113	11316	5761043	33871	24183	284	0	690	1000	0	0
114	11317	5761048	33874	24176	284	0	700	980	0	0
115	11318	5761053	33876	24168	276	0	700	980	0	0
116	11319	5761058	33878	24161	276	0	700	980	0	0
117	11320	5761063	33879	24154	276	0	700	980	0	0
118	11321	5761068	33881	24148	264	0	700	950	0	0
119	11322	5761073	33882	24142	264	0	700	950	0	0
120	11323	5761078	33884	24136	264	0	700	950	0	0
121	11324	5761083	33884	24130	256	0	700	950	0	0
122	11325	5761088	33885	24121	256	0	700	930	0	0
123	11326	5761093	33886	24118	256	0	700	930	0	0
124	11327	5761098	33887	24110	244	0	700	930	0	0
125	11328	5761103	33888	24104	244	0	700	930	0	0
126	11329	5761108	33889	24099	244	0	700	900	0	0
127	11330	5761113	33891	24094	236	0	700	900	0	0
128	11331	5761118	33892	24089	236	0	710	900	0	0
129	11332	5761123	33893	24085	224	0	710	900	0	0
130	11333	5761128	33894	24082	224	0	710	900	0	0
131	11334	5761133	33896	24080	216	0	710	900	0	0
132	11335	5761138	33897	24078	216	0	710	900	0	0
133	11336	5761143	33898	24077	216	0	710	900	0	0
134	11337	5761148	33900	24077	204	0	710	900	0	0
135	11338	5761153	33901	24077	204	0	710	900	0	0
136	11339	5761158	33902	24077	204	0	710	900	0	0
137	11340	5761163	33902	24077	204	0	710	900	0	0
138	11341	5761168	33903	24077	204	0	710	900	0	0
139	11342	5761173	33903	24077	196	0	710	900	0	0
140	11343	5761178	33903	24077	196	0	710	900	0	0
141	11344	5761183	33903	24077	196	0	710	900	0	0
142	11345	5761188	33903	24077	196	0	710	900	0	0
143	11346	5761193	33903	24077	188	0	710	900	0	0
144	11347	5761198	33903	24077	188	0	710	900	0	0
145	11348	5761203	33903	24077	188	0	710	900	0	0
146	11349	5761208	33903	24077	188	0	710	900	0	0
147	11350	5761213	33903	24077	188	0	710	900	0	0
148	11351	5761218	33903	24077	176	0	710	900	0	0
149	11352	5761223	33899	24077	176	0	710	900	0	0
150	11353	5761228	33896	24077	176	0	710	900	0	0
151	11354	5761233	33893	24077	176	0	710	900	0	0
152	11355	5761238	33888	24077	168	0	710	900	0	0
153	11356	5761243	33884	24076	168	0	710	900	0	0
154	11357	5761248	33881	24073	156	0	710	900	0	0
155	11358	5761253	33878	24070	156	0	710	900	0	0
156	11359	5761258	33875	24067	156	0	710	900	0	0
157	11360	5761263	33872	24064	148	0	710	900	0	0
158	11361	5761268	33869	24061	148	0	710	900	0	0
159	11362	5761273	33865	24057	136	0	710	900	0	0
160	11363	5761278	33864	24054	136	0	710	900	0	0
161	11364	5761283	33862	24050	136	0	710	900	0	0
162	11365	5761288	33860	24047	128	0	710	900	0	0
163	11366	5761293	33858	24044	128	0	710	900	0	0
164	11367	5761298	33856	24041	128	0	710	900	0	0
165	11368	5761303	33854	24039	128	0	710	900	0	0
166	11369	5761308	33852	24036	128	0	710	870	0	0
167	11370	5761313	33851	24034	128	0	710	870	0	0
168	11371	5761318	33849	24032	128	0	710	870	0	0
169	11372	5761323	33848	24030	128	0	710	870	0	0
170	11373	5761328	33846	24029	128	0	710	870	0	0
171	11374	5761333	33844	24027	128	0	710	870	0	0
172	11375	5761338	33842	24026	128	0	710	870	0	0
173	11376	5761343	33840	24024	128	0	710	840	0	0
174	11377	5761348	33836	24022	116	0	710	840	0	0
175	11378	5761353	33833	24020	116	0	710	840	0	0
176	11379	5761358	33828	24018	116	0	710	840	0	0
177	11380	5761363	33825	24016	116	0	710	840	0	0
178	11381	5761368	33821	24014	116	0	710	840	0	0
179	11382	5761373	33817	24012	108	0	710	840	0	0
180	11383	5761378	33809	24010	108	0	710	840	0	0
181	11384	5761383	33806	24008	108	0	710	840	0	0
182	11385	5761388	33797	24005	108	0	710	840	0	0
183	11386	5761393	33788	24002	108	0	710	840	0	0
184	11387	5761398	33784	23998	108	0	710	840	0	0
185	11388	5761403	33780	23995	108	0	710	840	0	0
186	11389	5761408	33768	23992	108	0	710	810	0	0
187	11390	5761413	33756	23989	108	0	710	810	0	0
188	11391	5761418	33746	23986	116	0	710	810	0	0
189	11392	5761423	33736	23984	116	0	710	810	0	0
190	11393	5761428	33726	23982	116	0	710	810	0	0
191	11394	5761433	33716	23982	128	0	710	810	0	0
192	11395	5761438	33711	23982	128	0	710	810	0	0
193	11396	5761443	33707	23982	136	0	710	810	0	0
194	11397	5761448	33703	23982	136	0	710	810	0	0
195	11398	5761453	33695	23982	136	0	710	810	0	0
196	11399	5761458	33689	23982	136	0	710	810	0	0
197	11400	5761463	33683	23982	136	0	710	810	0	0
198	11401	5761468	33678	23984	148	0	710	810	0	0
199	11402	5761473	33674	23991	148	0	710	810	0	0
200	11403	5761478	33670	23997	148	0	710	810	0	0
201	11404	5761483	33668	24003	148	0	710	810	0	0
202	11405	5761488	33667	24009	148	0	710	810	0	0
203	11406	5761493	33666	24014	148	0	710	840	0	0
204	11407	5761498	33665	24018	148	0	710	840	0	0
205	11408	5761503	33665	24023	136	0	710	840	0	0
206	11409	5761508	33664	24025	136	0	710	840	0	0
207	11410	5761513	33663	24028	136	0	710	840	0	0
208	11411	5761518	33662	24030	136	0	710	840	0	0
209	11412	5761523	33661	24031	128	0	710	840	0	0
210	11413	5761528	33660	24031	128	0	710	840	0	0
211	11414	5761533	33659	24031	116	0	710	840	0	0
212	11415	5761538	33657	24032	116	0	710	840	0	0
213	11416	5761543	33656	24032	116	0	710	840	0	0
214	11417	5761548	33654	24033	116	0	710	840	0	0
215	11418	5761553	33652	24034	108	0	710	840	0	0
216	11419	5761558	33651	24036	108	0	710	840	0	0
217	11420	5761563	33649	24039	108	0	710	840	0	0
218	11421	5761568	33647	24041	108	0	710	840	0	0
219	11422	5761573	33646	24045	108	0	710	840	0	0
220	11423	5761578	33644	24049	108	0	710	840	0	0
221	11424	5761583	33643	24053	108	0	710	840	0	0
222	11425	5761588	33642	24057	108	0	710	840	0	0
223	11426	5761593	33641	24061	108	0	710	840	0	0
224	11427	5761598	33640	24064	108	0	710	840	0	0
225	11428	5761603	33639	24067	108	0	710	840	0	0
226	11429	5761608	33639	24068	108	0	710	840	0	0
227	11430	5761613	33638	24069	108	0	710	810	0	0
228	11431	5761618	33638	24070	108	0	710	810	0	0
229	11432	5761623	33638	24070	108	0	710	810	0	0
230	11433	5761628	33638	24070	108	0	710	810	0	0
231	11434	5761633	33638	24070	96	0	710	810	0	0
232	11435	5761638	33638	24070	96	0	710	810	0	0
233	11436	5761643	33638	24070	96	0	710	810	0	0
234	11437	5761648	33638	24070	96	0	710	810	0	0
235	11438	5761653	33638	24070	88	0	710	810	0	0
236	11439	5761658	33638	24071	88	0	710	810	0	0
237	11440	5761663	33638	24072	88	0	710	810	0	0
238	11441	5761668	33638	24073	88	0	710	810	0	0
239	11442	5761673	33638	24077	76	0	710	810	0	0
240	11443	5761678	33638	24079	76	0	710	810	0	0
241	11444	5761683	33638	24081	68	0	710	810	0	0
242	11445	5761688	33638	24083	68	0	710	810	0	0
243	11446	5761693	33638	24085	56	0	710	810	0	0
244	11447	5761698	33638	24087	56	0	710	810	0	0
245	11448	5761703	33638	24090	48	0	710	810	0	0
246	11449	5761708	33638	24092	48	0	720	840	0	0
247	11450	5761713	33638	24095	36	0	720	840	0	0
248	11451	5761718	33638	24096	36	0	720	840	0	0
249	11452	5761723	33638	24099	36	0	720	840	0	0
250	11453	5761728	33638	24101	28	0	720	840	0	0
251	11454	5761733	33638	24103	28	0	720	840	0	0
252	11455	5761738	33638	24106	16	0	720	840	0	0
253	11456	5761743	33638	24108	16	0	720	840	0	0
254	11457	5761748	33638	24110	16	0	720	870	0	0
255	11458	5761753	33638	24112	8	0	720	870	0	0
256	11459	5761758	33638	24114	8	0	720	870	0	0
257	11460	5761763	33637	24115	0	0	720	870	0	0
258	11461	5761768	33633	24116	0	0	720	870	0	0
259	11462	5761773	33629	24116	0	0	720	870	0	0
260	11463	5761778	33624	24116	0	0	720	870	0	0
261	11464	5761783	33619	24116	0	0	720	870	0	0
262	11465	5761788	33613	24116	0	0	720	870	0	0
263	11466	5761793	33607	24116	0	0	720	870	0	0
264	11467	5761798	33601	24116	0	0	720	870	0	0
265	11468	5761803	33595	24116	0	0	720	870	0	0
266	11469	5761808	33590	24116	0	0	720	870	0	0
267	11470	5761813	33585	24113	0	0	720	870	0	0
268	11471	5761820	33580	24109	0	0	720	870	0	0
269	11472	5761825	33576	24106	0	3	720	870	0	0
270	11473	5761830	33571	24103	0	6	720	870	0	0
271	11474	5761835	33567	24100	0	11	730	870	0	0
272	11475	5761840	33563	24097	0	14	730	870	0	0
273	11476	5761845	33559	24094	0	19	730	870	0	0
274	11477	5761850	33554	24091	0	26	730	870	0	0
275	11478	5761855	33549	24088	0	35	730	870	0	0
276	11479	5761860	33545	24085	0	46	730	870	0	0
277	11480	5761865	33540	24083	0	61	730	870	0	0
278	11481	5761870	33536	24082	0	79	730	870	0	0
279	11482	5761875	33531	24081	0	99	730	870	0	0
280	11483	5761880	33527	24081	0	119	730	830	0	0
281	11484	5761885	33522	24081	0	137	730	830	0	0
282	11485	5761890	33518	24081	0	152	730	830	0	0
283	11486	5761895	33514	24081	0	167	730	830	0	0
284	11487	5761900	33510	24081	0	183	730	830	0	0
285	11488	5761905	33507	24081	0	199	730	830	0	0
286	11489	5761910	33504	24081	0	212	730	830	0	0
287	11490	5761915	33501	24081	0	224	730	830	0	0
288	11491	5761920	33500	24081	0	236	730	830	0	0
289	11492	5761925	33498	24081	0	247	730	830	0	0
290	11493	5761930	33498	24081	0	257	730	870	0	0
291	11494	5761935	33496	24081	0	271	720	870	0	0
292	11495	5761940	33496	24081	0	288	720	870	0	0
293	11496	5761945	33496	24081	0	305	720	870	0	0
294	11497	5761950	33495	24082	0	320	720	870	0	0
295	11498	5761955	33495	24084	0	336	720	870	0	0
296	11499	5761960	33495	24085	0	354	720	870	0	0
297	11500	5761965	33495	24087	0	370	720	870	0	0
298	11501	5761970	33494	24089	0	384	720	870	0	0
299	11502	5761975	33494	24091	0	399	720	870	0	0
300	11503	5761980	33494	24093	0	414	720	870	0	0
301	11504	5761985	33494	24095	0	427	730	870	0	0
302	11505	5761990	33494	24098	0	437	730	870	0	0
303	11506	5761995	33494	24100	0	447	730	870	0	0
304	11507	5762000	33493	24102	0	457	730	870	0	0
305	11508	5762005	33493	24103	0	465	730	870	0	0
306	11509	5762010	33493	24105	0	470	730	870	0	0
307	11510	5762015	33493	24106	0	475	730	870	0	0
308	11511	5762020	33493	24107	0	480	730	870	0	0
309	11512	5762025	33493	24108	0	484	730	870	0	0
310	11513	5762030	33492	24109	0	486	730	870	0	0
311	11514	5762035	33491	24110	0	489	730	870	0	0
312	11515	5762040	33491	24111	0	495	730	870	0	0
313	11516	5762045	33490	24113	0	500	730	870	0	0
314	11517	5762050	33489	24113	0	505	730	870	0	0
315	11518	5762055	33488	24114	0	511	730	870	0	0
316	11519	5762060	33486	24115	0	517	730	870	0	0
317	11520	5762065	33486	24116	0	522	730	870	0	0
318	11521	5762070	33485	24117	0	525	730	870	0	0
319	11522	5762075	33483	24118	0	530	730	870	0	0
320	11523	5762080	33482	24119	0	537	730	870	0	0
321	11524	5762085	33480	24121	0	542	730	870	0	0
322	11525	5762090	33479	24122	0	544	730	870	0	0
323	11526	5762095	33478	24123	0	547	730	870	0	0
324	11527	5762100	33476	24124	0	552	730	870	0	0
325	11528	5762105	33474	24124	0	555	730	870	0	0
326	11529	5762110	33472	24125	0	555	730	870	0	0
327	11530	5762115	33471	24126	0	557	730	870	0	0
328	11531	5762120	33468	24127	0	560	730	870	0	0
329	11532	5762125	33466	24128	0	563	730	870	0	0
330	11533	5762130	33465	24129	0	565	730	870	0	0
331	11534	5762135	33463	24130	0	567	730	870	0	0
332	11535	5762140	33461	24132	0	570	730	870	0	0
333	11536	5762145	33459	24133	0	574	730	870	0	0
334	11537	5762150	33457	24135	0	575	730	870	0	0
335	11538	5762155	33455	24136	0	577	730	870	0	0
336	11539	5762160	33453	24137	0	580	730	870	0	0
337	11540	5762165	33452	24138	0	583	730	870	0	0
338	11541	5762170	33450	24139	0	583	730	870	0	0
339	11542	5762175	33448	24140	0	584	730	870	0	0
340	11543	5762180	33445	24140	0	587	730	870	0	0
341	11544	5762185	33443	24140	0	589	730	870	0	0
342	11545	5762190	33441	24140	0	590	730	870	0	0
343	11546	5762195	33438	24141	0	592	730	870	0	0
344	11547	5762200	33435	24141	0	594	720	870	0	0
345	11548	5762205	33433	24141	0	596	720	870	0	0
346	11549	5762210	33430	24142	0	597	720	870	0	0
347	11550	5762215	33426	24142	0	598	720	870	0	0
348	11551	5762220	33423	24142	0	602	720	870	0	0
349	11552	5762225	33420	24142	0	605	720	870	0	0
350	11553	5762230	33417	24142	0	606	720	870	0	0
351	11554	5762235	33413	24142	0	608	720	870	0	0
352	11555	5762240	33410	24142	0	611	720	870	0	0
353	11556	5762245	33406	24142	0	614	720	870	0	0
354	11557	5762250	33403	24142	0	614	730	870	0	0
355	11558	5762255	33400	24142	0	615	730	870	0	0
356	11559	5762260	33397	24142	0	617	730	870	0	0
357	11560	5762265	33394	24142	0	617	730	870	0	0
358	11561	5762270	33390	24142	0	616	730	870	0	0
359	11562	5762275	33385	24142	0	616	730	870	0	0
360	11563	5762280	33381	24142	0	617	730	870	0	0
361	11564	5762285	33375	24142	0	617	730	870	0	0
362	11565	5762290	33368	24142	0	615	730	870	0	0
363	11566	5762295	33360	24142	0	612	730	870	0	0
364	11567	5762300	33352	24141	0	612	730	870	0	0
365	11568	5762305	33343	24135	0	613	730	870	0	0
366	11569	5762310	33333	24130	0	612	730	870	0	0
367	11570	5762315	33323	24124	0	611	730	870	0	0
368	11571	5762320	33314	24119	0	614	730	870	0	0
369	11572	5762325	33304	24113	0	615	730	870	0	0
370	11573	5762330	33295	24108	0	613	730	870	0	0
371	11574	5762335	33287	24103	0	613	730	870	0	0
372	11575	5762340	33281	24098	0	614	730	870	0	0
373	11576	5762345	33275	24094	0	614	730	870	0	0
374	11577	5762350	33270	24090	0	613	720	870	0	0
375	11578	5762355	33265	24085	0	613	720	870	0	0
376	11579	5762360	33261	24081	0	615	720	870	0	0
377	11580	5762365	33257	24076	0	615	720	870	0	0
378	11581	5762370	33255	24072	0	613	720	870	0	0
379	11582	5762375	33252	24068	0	613	720	870	0	0
380	11583	5762380	33249	24063	0	614	720	870	0	0
381	11584	5762385	33246	24058	0	614	720	870	0	0
382	11585	5762390	33243	24053	0	614	720	870	0	0
383	11586	5762395	33240	24049	0	614	720	870	0	0
384	11587	5762400	33236	24043	0	616	720	840	0	0
385	11588	5762405	33233	24038	0	617	720	840	0	0
386	11589	5762410	33229	24031	0	614	720	840	0	0
387	11590	5762415	33225	24023	0	614	710	840	0	0
388	11591	5762420	33221	24015	0	615	710	840	0	0
389	11592	5762425	33218	24007	0	615	710	840	0	0
390	11593	5762430	33215	23999	0	614	710	810	0	0
391	11594	5762435	33213	23989	0	614	710	810	0	0
392	11595	5762440	33211	23980	0	617	710	810	0	0
393	11596	5762445	33209	23972	0	618	710	810	0	0
394	11597	5762450	33207	23964	0	616	710	810	0	0
395	11598	5762455	33206	23956	0	616	710	810	0	0
396	11599	5762460	33205	23949	0	618	720	810	0	0
397	11600	5762465	33205	23939	0	619	720	780	0	0
398	11601	5762470	33205	23930	0	618	720	780	0	0
399	11602	5762475	33204	23920	0	617	720	780	0	0
400	11603	5762480	33204	23909	0	616	720	780	0	0
401	11604	5762485	33203	23897	0	613	720	780	0	0
402	11605	5762490	33203	23884	0	613	720	780	0	0
403	11606	5762495	33203	23871	0	612	720	780	0	0
404	11607	5762500	33203	23858	0	609	720	780	0	0
405	11608	5762505	33203	23847	0	607	720	780	0	0
406	11609	5762510	33203	23836	0	606	720	780	0	0
407	11610	5762515	33203	23825	0	606	720	780	0	0
408	11611	5762520	33203	23815	0	609	720	780	0	0
409	11612	5762525	33203	23806	0	610	720	780	0	0
410	11613	5762530	33203	23797	0	609	720	780	0	0
411	11614	5762535	33203	23789	0	608	720	780	0	0
412	11615	5762540	33204	23780	0	610	720	780	0	0
413	11616	5762545	33209	23770	0	610	720	780	0	0
414	11617	5762550	33215	23761	0	608	720	780	0	0
415	11618	5762555	33221	23752	0	608	720	780	0	0
416	11619	5762560	33228	23743	0	611	720	780	0	0
417	11620	5762565	33236	23735	0	612	720	780	0	0
418	11621	5762570	33244	23728	0	613	720	780	0	0
419	11622	5762575	33253	23721	0	613	720	780	0	0
420	11623	5762580	33262	23715	0	615	720	740	0	0
421	11624	5762585	33271	23710	0	615	720	740	0	0
422	11625	5762590	33281	23705	0	615	720	740	0	0
423	11626	5762595	33290	23701	0	615	720	740	0	0
424	11627	5762600	33299	23697	0	618	720	740	0	0
425	11628	5762605	33307	23693	0	620	720	740	0	0
426	11629	5762610	33315	23690	0	620	720	740	0	0
427	11630	5762615	33323	23687	0	619	720	740	0	0
428	11631	5762620	33329	23685	0	621	720	740	0	0
429	11632	5762625	33336	23682	0	623	720	740	0	0
430	11633	5762630	33342	23679	0	623	720	740	0	0
431	11634	5762635	33349	23677	0	627	720	710	0	0
432	11635	5762640	33355	23674	0	631	720	710	0	0
433	11636	5762645	33363	23672	0	634	720	710	0	0
434	11637	5762650	33370	23670	0	635	720	710	0	0
435	11638	5762655	33378	23667	0	636	720	710	0	0
436	11639	5762660	33386	23666	0	639	720	710	0	0
437	11640	5762665	33394	23665	0	642	720	710	0	0
438	11641	5762670	33402	23664	0	643	720	710	0	0
439	11642	5762675	33409	23664	0	646	720	710	0	0
440	11643	5762680	33417	23664	0	650	720	710	0	0
441	11644	5762685	33425	23664	0	651	720	710	0	0
442	11645	5762690	33432	23664	0	649	730	700	0	0
443	11646	5762695	33439	23664	0	649	730	700	0	0
444	11647	5762700	33446	23664	0	650	730	700	0	0
445	11648	5762705	33453	23664	0	650	730	700	0	0
446	11649	5762710	33460	23664	0	649	730	700	0	0
447	11650	5762715	33467	23664	0	649	730	700	0	0
448	11651	5762720	33474	23664	0	651	730	700	0	0
449	11652	5762725	33482	23664	0	652	730	700	0	0
450	11653	5762730	33490	23664	0	653	730	700	0	0
451	11654	5762735	33498	23664	0	654	730	700	0	0
452	11655	5762740	33505	23664	0	656	730	700	0	0
453	11656	5762745	33514	23664	0	656	730	700	0	0
454	11657	5762750	33522	23664	0	654	730	700	0	0
455	11658	5762755	33530	23665	0	654	740	690	0	0
456	11659	5762760	33539	23668	0	654	740	690	0	0
457	11660	5762765	33547	23672	0	652	740	690	0	0
458	11661	5762770	33555	23675	0	650	740	690	0	0
459	11662	5762775	33564	23678	0	649	740	690	0	0
460	11663	5762780	33572	23681	0	650	740	690	0	0
461	11664	5762785	33580	23685	0	651	740	690	0	0
462	11665	5762790	33588	23690	0	649	740	690	0	0
463	11666	5762795	33596	23696	0	647	740	690	0	0
464	11667	5762800	33604	23702	0	648	740	720	0	0
465	11668	5762805	33612	23709	0	649	740	720	0	0
466	11669	5762810	33619	23716	0	647	740	720	0	0
467	11670	5762815	33626	23723	0	646	740	720	0	0
468	11671	5762820	33633	23730	0	645	740	720	0	0
469	11672	5762825	33640	23737	0	645	750	710	0	0
470	11673	5762830	33647	23744	0	643	750	710	0	0
471	11674	5762835	33654	23751	0	643	750	710	0	0
472	11675	5762840	33661	23758	0	644	750	710	0	0
473	11676	5762845	33667	23765	0	645	750	710	0	0
474	11677	5762850	33673	23772	0	646	750	710	0	0
475	11678	5762855	33679	23780	0	646	750	710	0	0
476	11679	5762860	33684	23787	0	646	750	710	0	0
477	11680	5762865	33688	23794	0	644	750	710	0	0
478	11681	5762870	33693	23801	0	641	750	710	0	0
479	11682	5762875	33696	23808	0	640	750	740	0	0
480	11683	5762880	33700	23816	0	641	750	740	0	0
481	11684	5762885	33703	23824	0	641	750	740	0	0
482	11685	5762890	33707	23831	0	641	750	740	0	0
483	11686	5762895	33711	23839	0	642	750	740	0	0
484	11687	5762900	33714	23846	0	644	750	740	0	0
485	11688	5762905	33718	23855	0	642	750	740	0	0
486	11689	5762910	33721	23864	0	637	750	740	0	0
487	11690	5762915	33725	23873	0	633	750	740	0	0
488	11691	5762920	33728	23881	0	634	750	740	0	0
489	11692	5762925	33732	23890	0	634	750	740	0	0
490	11693	5762930	33735	23899	0	633	750	740	0	0
491	11694	5762935	33738	23908	0	633	750	740	0	0
492	11695	5762940	33741	23917	0	633	750	740	0	0
493	11696	5762945	33744	23925	0	632	750	740	0	0
494	11697	5762950	33746	23933	0	627	760	780	0	0
495	11698	5762955	33748	23942	0	624	760	780	0	0
496	11699	5762960	33749	23952	0	626	760	780	0	0
497	11700	5762965	33749	23963	0	625	760	780	0	0
498	11701	5762970	33749	23975	0	623	760	780	0	0
499	11702	5762975	33749	23989	0	620	760	780	0	0
500	11703	5762980	33749	24004	0	620	760	780	0	0
501	11704	5762985	33749	24020	0	616	760	780	0	0
502	11705	5762990	33749	24035	0	606	760	780	0	0
503	11706	5762995	33749	24049	0	596	760	820	0	0
504	11707	5763000	33749	24063	0	588	750	830	0	0
505	11708	5763005	33746	24075	0	574	750	830	0	0
506	11709	5763010	33741	24086	0	563	750	830	0	0
507	11710	5763015	33735	24094	0	559	750	830	0	0
508	11711	5763020	33729	24101	0	557	750	830	0	0
509	11712	5763025	33721	24107	0	557	750	830	0	0
510	11713	5763030	33714	24111	0	556	750	860	0	0
511	11714	5763035	33706	24115	0	556	750	860	0	0
512	11715	5763040	33698	24118	0	557	750	860	0	0
513	11716	5763045	33690	24120	0	559	750	860	0	0
514	11717	5763050	33683	24122	0	560	750	860	0	0
515	11718	5763055	33676	24123	0	562	750	860	0	0
516	11719	5763060	33669	24123	0	565	750	860	0	0
517	11720	5763065	33662	24124	0	567	750	860	0	0
518	11721	5763070	33655	24125	0	567	750	860	0	0
519	11722	5763075	33648	24127	0	567	750	860	0	0
520	11723	5763080	33640	24128	0	568	750	860	0	0
521	11724	5763085	33632	24130	0	566	750	860	0	0
522	11725	5763090	33624	24133	0	563	750	860	0	0
523	11726	5763095	33617	24136	0	561	750	860	0	0
524	11727	5763100	33610	24139	0	562	750	860	0	0
525	11728	5763105	33603	24142	0	561	750	860	0	0
526	11729	5763110	33597	24145	0	559	750	860	0	0
527	11730	5763115	33592	24148	0	558	750	860	0	0
528	11731	5763120	33586	24151	0	557	750	860	0	0
529	11732	5763125	33581	24155	0	556	750	860	0	0
530	11733	5763130	33576	24158	0	552	750	860	0	0
531	11734	5763135	33570	24162	0	549	750	860	0	0
532	11735	5763140	33564	24166	0	547	750	860	0	0
533	11736	5763145	33559	24169	0	544	750	860	0	0
534	11737	5763150	33554	24173	0	542	750	860	0	0
535	11738	5763155	33549	24176	0	541	750	860	0	0
536	11739	5763160	33544	24179	0	540	740	870	0	0
537	11740	5763165	33539	24181	0	537	740	870	0	0
538	11741	5763170	33535	24184	0	532	740	870	0	0
539	11742	5763175	33531	24186	0	530	740	870	0	0
540	11743	5763180	33526	24188	0	529	740	870	0	0
541	11744	5763185	33521	24191	0	528	740	830	0	0
542	11745	5763190	33516	24193	0	524	740	830	0	0
543	11746	5763195	33511	24195	0	520	740	830	0	0
544	11747	5763200	33506	24196	0	516	740	830	0	0
545	11748	5763205	33500	24198	0	512	740	830	0	0
546	11749	5763210	33495	24198	0	507	740	830	0	0
547	11750	5763215	33490	24199	0	505	740	830	0	0
548	11751	5763220	33484	24200	0	506	740	830	0	0
549	11752	5763225	33479	24200	0	505	740	830	0	0
550	11753	5763230	33474	24200	0	502	740	830	0	0
551	11754	5763235	33469	24200	0	499	740	830	0	0
552	11755	5763240	33464	24200	0	496	740	830	0	0
553	11756	5763245	33460	24200	0	493	740	830	0	0
554	11757	5763250	33456	24200	0	487	740	830	0	0
555	11758	5763255	33452	24200	0	483	740	830	0	0
556	11759	5763260	33447	24200	0	479	740	830	0	0
557	11760	5763265	33442	24200	0	474	740	830	0	0
558	11761	5763270	33437	24200	0	465	740	830	0	0
559	11762	5763275	33432	24200	0	456	740	830	0	0
560	11763	5763280	33427	24200	0	449	740	830	0	0
561	11764	5763285	33421	24200	0	439	740	830	0	0
562	11765	5763290	33415	24200	0	425	730	830	0	0
563	11766	5763295	33411	24200	0	412	730	830	0	0
564	11767	5763300	33406	24200	0	398	730	830	0	0
565	11768	5763305	33403	24199	0	382	730	830	0	0
566	11769	5763310	33399	24197	0	364	730	830	0	0
567	11770	5763315	33397	24195	0	346	730	830	0	0
568	11771	5763320	33396	24192	0	326	730	830	0	0
569	11772	5763325	33395	24191	0	302	730	830	0	0
570	11773	5763330	33395	24190	0	277	730	830	0	0
571	11774	5763335	33395	24189	0	250	730	830	0	0
572	11775	5763340	33395	24188	0	227	730	830	0	0
573	11776	5763345	33395	24187	0	207	730	830	0	0
574	11777	5763350	33395	24186	0	190	730	830	0	0
575	11778	5763355	33395	24185	0	181	730	830	0	0
576	11779	5763360	33395	24184	0	176	730	830	0	0
577	11780	5763365	33395	24182	0	173	730	830	0	0
578	11781	5763370	33395	24179	0	170	730	830	0	0
579	11782	5763375	33395	24177	0	166	730	830	0	0
580	11783	5763380	33395	24174	0	162	730	830	0	0
581	11784	5763385	33395	24171	0	154	730	830	0	0
582	11785	5763390	33395	24169	0	143	730	830	0	0
583	11786	5763395	33395	24166	0	131	730	870	0	0
584	11787	5763400	33395	24164	0	123	730	870	0	0
585	11788	5763405	33395	24163	0	120	730	870	0	0
586	11789	5763410	33395	24161	0	120	730	870	0	0
587	11790	5763415	33395	24160	0	121	730	870	0	0
588	11791	5763420	33395	24159	0	126	730	870	0	0
589	11792	5763425	33397	24159	0	132	730	870	0	0
590	11793	5763430	33398	24158	0	143	730	870	0	0
591	11794	5763435	33398	24157	0	157	730	870	0	0
592	11795	5763440	33398	24156	0	173	730	870	0	0
593	11796	5763445	33398	24155	0	191	730	870	0	0
594	11797	5763450	33399	24154	0	209	730	870	0	0
595	11798	5763455	33399	24153	0	227	730	870	0	0
596	11799	5763460	33399	24152	0	245	730	870	0	0
597	11800	5763465	33399	24151	0	261	730	870	0	0
598	11801	5763470	33399	24150	0	273	730	870	0	0
599	11802	5763475	33399	24149	0	282	730	870	0	0
600	11803	5763480	33399	24148	0	290	730	870	0	0
601	11804	5763485	33399	24147	0	295	730	870	0	0
602	11805	5763490	33399	24146	0	297	730	870	0	0
603	11806	5763495	33399	24145	0	299	730	870	0	0
604	11807	5763500	33400	24144	0	300	730	870	0	0
605	11808	5763505	33401	24142	0	300	730	870	0	0
606	11809	5763510	33401	24142	0	298	730	870	0	0
607	11810	5763515	33401	24141	0	295	730	870	0	0
608	11811	5763520	33402	24140	0	291	730	870	0	0
609	11812	5763525	33402	24140	0	283	730	870	0	0
610	11813	5763530	33402	24140	0	271	730	870	0	0
611	11814	5763535	33402	24140	0	256	730	870	0	0
612	11815	5763540	33403	24140	0	241	730	870	0	0
613	11816	5763545	33403	24140	0	221	730	870	0	0
614	11817	5763550	33403	24140	0	191	730	870	0	0
615	11818	5763555	33403	24140	0	149	730	870	0	0
616	11819	5763560	33403	24139	0	89	730	870	0	0
617	11820	5763565	33403	24137	0	25	730	870	0	0
618	11821	5763570	33403	24137	0	0	730	870	0	0
619	11822	5763575	33403	24129	16	0	730	870	0	0
620	11823	5763580	33403	24125	36	0	730	870	0	0
621	11824	5763585	33401	24124	68	0	730	870	0	0
622	11825	5763590	33399	24121	108	0	730	870	0	0
623	11826	5763595	33399	24121	148	0	730	870	0	0
624	11827	5763600	33395	24121	188	0	720	870	0	0
625	11828	5763605	33395	24121	236	0	720	900	0	0
626	11829	5763610	33395	24122	284	0	710	900	0	0
627	11830	5763615	33395	24133	324	0	710	900	0	0
628	11831	5763620	33410	24145	365	0	700	900	0	0
629	11832	5763625	33428	24145	405	0	700	900	0	0
630	11833	5763630	33446	24145	433	0	690	900	0	0
631	11834	5763635	33446	24145	453	0	680	900	0	0
632	11835	5763640	33472	24146	473	0	680	900	0	0
633	11836	5763645	33472	24149	493	0	670	920	0	0
634	11837	5763650	33472	24151	505	0	670	920	0	0
635	11838	5763655	33472	24153	505	0	660	920	0	0
636	11839	5763660	33472	24158	505	0	650	940	0	0
637	11840	5763665	33474	24164	505	0	650	960	0	0
638	11841	5763670	33478	24169	505	0	650	960	0	0
639	11842	5763675	33482	24174	493	0	640	980	0	0
640	11843	5763680	33493	24179	485	0	640	980	0	0
641	11844	5763685	33503	24182	473	0	640	1000	0	0
642	11845	5763690	33520	24188	453	0	640	1000	0	0
643	11846	5763695	33529	24190	445	0	640	1000	0	0
644	11847	5763700	33542	24191	425	0	640	1000	0	0
645	11848	5763705	33548	24191	405	0	630	1020	0	0
646	11849	5763710	33554	24191	397	0	630	1020	0	0
647	11850	5763715	33561	24191	377	0	640	1000	0	0
648	11851	5763720	33567	24191	357	0	650	1010	0	0
649	11852	5763725	33572	24191	345	0	650	1010	0	0
650	11853	5763730	33580	24191	324	0	650	1010	0	0
651	11854	5763735	33587	24191	316	0	660	1010	0	0
652	11855	5763740	33594	24191	304	0	660	990	0	0
653	11856	5763745	33605	24191	296	0	660	990	0	0
654	11857	5763750	33613	24188	284	0	670	990	0	0
655	11858	5763755	33621	24186	276	0	670	970	0	0
656	11859	5763760	33630	24184	276	0	680	970	0	0
657	11860	5763765	33643	24182	264	0	680	970	0	0
658	11861	5763770	33646	24180	264	0	680	950	0	0
659	11862	5763775	33655	24179	256	0	690	950	0	0
660	11863	5763780	33663	24177	256	0	690	950	0	0
661	11864	5763785	33670	24176	256	0	690	950	0	0
662	11865	5763790	33682	24175	244	0	700	950	0	0
663	11866	5763795	33688	24174	244	0	700	930	0	0
664	11867	5763800	33694	24173	236	0	700	930	0	0
665	11868	5763805	33699	24172	236	0	700	930	0	0
666	11869	5763810	33703	24172	224	0	700	930	0	0
667	11870	5763815	33706	24171	224	0	700	930	0	0
668	11871	5763820	33709	24170	216	0	700	930	0	0
669	11872	5763825	33710	24169	216	0	710	930	0	0
670	11873	5763830	33713	24168	204	0	710	900	0	0
671	11874	5763835	33714	24167	204	0	710	900	0	0
672	11875	5763840	33714	24167	196	0	710	900	0	0
673	11876	5763845	33714	24167	188	0	710	900	0	0
674	11877	5763850	33714	24166	188	0	710	900	0	0
675	11878	5763855	33714	24166	176	0	710	900	0	0
676	11879	5763860	33714	24166	168	0	710	900	0	0
677	11880	5763865	33714	24166	156	0	710	900	0	0
678	11881	5763870	33714	24166	148	0	710	900	0	0
679	11882	5763875	33714	24166	136	0	710	900	0	0
680	11883	5763880	33715	24166	136	0	720	900	0	0
681	11884	5763885	33716	24166	128	0	720	900	0	0
682	11885	5763890	33717	24166	108	0	720	900	0	0
683	11886	5763895	33718	24166	96	0	720	900	0	0
684	11887	5763900	33718	24166	88	0	720	900	0	0
685	11888	5763905	33718	24166	76	0	720	900	0	0
686	11889	5763909	33719	24166	68	0	720	900	0	0
687	11890	5763914	33719	24166	56	0	720	900	0	0
688	11891	5763919	33719	24166	48	0	730	900	0	0
689	11892	5763924	33719	24166	36	0	730	900	0	0
690	11893	5763929	33719	24166	28	0	730	900	0	0
691	11894	5763934	33719	24166	16	0	730	900	0	0
692	11895	5763939	33719	24166	16	0	730	900	0	0
693	11896	5763944	33719	24167	16	0	730	900	0	0
694	11897	5763949	33719	24168	8	0	730	870	0	0
695	11898	5763954	33719	24170	8	0	730	870	0	0
696	11899	5763959	33719	24171	0	0	730	870	0	0
697	11900	5763964	33719	24173	0	0	740	870	0	0
698	11901	5763969	33719	24175	0	0	740	870	0	0
699	11902	5763974	33719	24176	0	0	740	870	0	0
700	11903	5763979	33719	24178	0	0	740	830	0	0
701	11904	5763984	33719	24180	0	0	740	830	0	0
702	11905	5763989	33719	24182	0	0	740	830	0	0
703	11906	5763994	33719	24185	0	0	740	830	0	0
704	11907	5763999	33719	24188	0	0	740	830	0	0
705	11908	5764004	33719	24191	0	0	740	830	0	0
706	11909	5764009	33719	24195	0	0	740	800	0	0
707	11910	5764014	33719	24199	0	0	740	800	0	0
708	11911	5764019	33719	24202	0	0	740	800	0	0
709	11912	5764028	33719	24205	0	5	740	800	0	0
710	11913	5764033	33719	24208	0	17	740	800	0	0
711	11914	5764038	33719	24210	0	30	740	800	0	0
712	11915	5764043	33719	24212	0	45	740	800	0	0
713	11916	5764048	33719	24213	0	61	740	800	0	0
714	11917	5764053	33719	24214	0	75	740	800	0	0
715	11918	5764058	33719	24215	0	92	740	800	0	0
716	11919	5764063	33719	24215	0	107	740	800	0	0
717	11920	5764068	33719	24215	0	123	740	800	0	0
718	11921	5764073	33719	24215	0	139	740	800	0	0
719	11922	5764078	33719	24215	0	153	740	800	0	0
720	11923	5764083	33719	24215	0	170	740	800	0	0
721	11924	5764088	33715	24215	0	183	740	800	0	0
722	11925	5764093	33710	24215	0	195	740	800	0	0
723	11926	5764098	33706	24215	0	208	740	800	0	0
724	11927	5764103	33702	24215	0	223	750	790	0	0
725	11928	5764108	33697	24215	0	240	750	790	0	0
726	11929	5764113	33693	24215	0	258	750	790	0	0
727	11930	5764118	33688	24211	0	276	750	790	0	0
728	11931	5764123	33684	24207	0	295	750	790	0	0
729	11932	5764128	33679	24204	0	311	750	790	0	0
730	11933	5764133	33675	24201	0	323	750	790	0	0
731	11934	5764138	33671	24198	0	333	750	790	0	0
732	11935	5764143	33668	24196	0	341	750	790	0	0
733	11936	5764148	33664	24194	0	347	750	790	0	0
734	11937	5764153	33660	24191	0	352	750	830	0	0
735	11938	5764158	33656	24189	0	357	750	830	0	0
736	11939	5764163	33652	24187	0	362	750	830	0	0
737	11940	5764168	33648	24185	0	367	750	830	0	0
738	11941	5764173	33644	24182	0	370	750	830	0	0
739	11942	5764178	33640	24179	0	375	750	830	0	0
740	11943	5764183	33636	24176	0	379	750	830	0	0
741	11944	5764188	33632	24174	0	384	750	830	0	0
742	11945	5764193	33629	24172	0	388	750	830	0	0
743	11946	5764198	33625	24169	0	393	750	830	0	0
744	11947	5764203	33622	24167	0	399	750	830	0	0
745	11948	5764208	33619	24165	0	404	750	860	0	0
746	11949	5764213	33615	24164	0	408	750	860	0	0
747	11950	5764218	33613	24162	0	412	750	860	0	0
748	11951	5764223	33610	24161	0	418	750	860	0	0
749	11952	5764228	33608	24160	0	423	750	860	0	0
750	11953	5764233	33606	24159	0	428	740	870	0	0
751	11954	5764238	33604	24158	0	435	740	870	0	0
752	11955	5764243	33603	24158	0	442	740	870	0	0
753	11956	5764248	33601	24157	0	447	740	870	0	0
754	11957	5764253	33600	24156	0	450	740	870	0	0
755	11958	5764258	33599	24155	0	454	740	870	0	0
756	11959	5764263	33597	24153	0	457	740	870	0	0
757	11960	5764268	33595	24150	0	461	740	870	0	0
758	11961	5764273	33592	24148	0	465	740	870	0	0
759	11962	5764278	33589	24144	0	469	740	870	0	0
760	11963	5764283	33586	24141	0	473	740	870	0	0
761	11964	5764288	33583	24136	0	476	740	870	0	0
762	11965	5764293	33578	24131	0	478	740	870	0	0
763	11966	5764298	33573	24127	0	481	740	870	0	0
764	11967	5764303	33568	24122	0	484	740	870	0	0
765	11968	5764308	33563	24117	0	486	740	870	0	0
766	11969	5764313	33559	24112	0	487	740	870	0	0
767	11970	5764318	33555	24107	0	489	740	870	0	0
768	11971	5764323	33550	24102	0	493	740	870	0	0
769	11972	5764328	33545	24096	0	497	740	870	0	0
770	11973	5764333	33542	24091	0	500	740	870	0	0
771	11974	5764338	33539	24086	0	503	740	870	0	0
772	11975	5764343	33536	24081	0	507	740	870	0	0
773	11976	5764348	33533	24076	0	509	740	870	0	0
774	11977	5764353	33531	24071	0	511	740	870	0	0
775	11978	5764358	33528	24066	0	516	740	870	0	0
776	11979	5764363	33526	24062	0	520	740	870	0	0
777	11980	5764368	33524	24057	0	522	740	870	0	0
778	11981	5764373	33523	24053	0	524	740	870	0	0
779	11982	5764378	33521	24049	0	525	740	870	0	0
780	11983	5764383	33519	24044	0	529	740	870	0	0
781	11984	5764388	33517	24040	0	531	740	870	0	0
782	11985	5764393	33516	24037	0	533	740	870	0	0
783	11986	5764398	33515	24033	0	536	740	870	0	0
784	11987	5764403	33515	24030	0	540	740	830	0	0
785	11988	5764408	33515	24028	0	543	740	830	0	0
786	11989	5764413	33515	24025	0	546	740	830	0	0
787	11990	5764418	33515	24023	0	549	740	830	0	0
788	11991	5764423	33515	24021	0	553	740	830	0	0
789	11992	5764428	33515	24019	0	556	740	830	0	0
790	11993	5764433	33515	24017	0	557	740	830	0	0
791	11994	5764438	33515	24015	0	560	740	830	0	0
792	11995	5764443	33515	24013	0	563	740	830	0	0
793	11996	5764448	33515	24011	0	565	740	830	0	0
794	11997	5764453	33515	24009	0	565	740	830	0	0
795	11998	5764458	33515	24007	0	567	740	830	0	0
796	11999	5764463	33515	24005	0	569	740	830	0	0
797	12000	5764468	33515	24003	0	570	740	800	0	0
798	12001	5764473	33515	24000	0	570	740	800	0	0
799	12002	5764478	33515	23996	0	572	740	800	0	0
800	12003	5764483	33515	23992	0	576	740	800	0	0
801	12004	5764488	33515	23988	0	578	740	800	0	0
802	12005	5764493	33515	23982	0	580	740	800	0	0
803	12006	5764498	33515	23976	0	584	740	800	0	0
804	12007	5764503	33515	23969	0	587	740	800	0	0
805	12008	5764508	33518	23962	0	590	740	800	0	0
806	12009	5764513	33522	23955	0	592	740	800	0	0
807	12010	5764518	33526	23948	0	596	740	800	0	0
808	12011	5764523	33528	23941	0	598	740	800	0	0
809	12012	5764528	33532	23935	0	600	740	800	0	0
810	12013	5764533	33535	23929	0	602	750	790	0	0
811	12014	5764538	33539	23924	0	606	750	790	0	0
812	12015	5764543	33545	23919	0	609	750	790	0	0
813	12016	5764548	33550	23915	0	612	750	790	0	0
814	12017	5764553	33555	23911	0	612	750	790	0	0
815	12018	5764558	33560	23908	0	614	750	790	0	0
816	12019	5764563	33566	23905	0	617	750	790	0	0
817	12020	5764568	33571	23902	0	619	750	790	0	0
818	12021	5764573	33576	23900	0	620	750	790	0	0
819	12022	5764578	33581	23898	0	620	750	790	0	0
820	12023	5764583	33586	23896	0	621	750	790	0	0
821	12024	5764588	33592	23894	0	623	750	790	0	0
822	12025	5764593	33597	23892	0	623	750	790	0	0
823	12026	5764598	33604	23891	0	625	750	750	0	0
824	12027	5764603	33610	23890	0	627	750	750	0	0
825	12028	5764608	33618	23889	0	629	750	740	0	0
826	12029	5764613	33625	23887	0	630	750	740	0	0
827	12030	5764618	33633	23885	0	632	750	740	0	0
828	12031	5764623	33641	23884	0	635	750	740	0	0
829	12032	5764628	33649	23883	0	635	750	740	0	0
830	12033	5764633	33658	23883	0	634	750	740	0	0
831	12034	5764638	33669	23881	0	636	750	740	0	0
832	12035	5764643	33680	23881	0	639	750	740	0	0
833	12036	5764648	33691	23879	0	643	750	740	0	0
834	12037	5764653	33702	23879	0	646	750	740	0	0
835	12038	5764658	33713	23878	0	651	750	740	0	0
836	12039	5764663	33723	23878	0	656	750	740	0	0
837	12040	5764668	33734	23878	0	654	750	740	0	0
838	12041	5764673	33744	23878	0	652	750	740	0	0
839	12042	5764678	33753	23878	0	652	750	740	0	0
840	12043	5764683	33761	23878	0	655	750	740	0	0
841	12044	5764688	33769	23878	0	659	750	740	0	0
842	12045	5764693	33778	23878	0	663	750	740	0	0
843	12046	5764698	33787	23878	0	666	750	740	0	0
844	12047	5764703	33796	23878	0	666	750	740	0	0
845	12048	5764708	33805	23878	0	665	750	740	0	0
846	12049	5764713	33813	23878	0	665	750	740	0	0
847	12050	5764718	33822	23878	0	666	750	740	0	0
848	12051	5764723	33831	23878	0	669	750	740	0	0
849	12052	5764728	33841	23878	0	669	750	740	0	0
850	12053	5764733	33851	23878	0	668	750	740	0	0
851	12054	5764738	33861	23878	0	669	750	740	0	0
852	12055	5764743	33872	23882	0	670	750	740	0	0
853	12056	5764748	33882	23887	0	672	750	740	0	0
854	12057	5764753	33893	23892	0	673	750	740	0	0
855	12058	5764758	33905	23897	0	676	750	740	0	0
856	12059	5764763	33916	23904	0	676	750	740	0	0
857	12060	5764768	33927	23910	0	675	750	740	0	0
858	12061	5764773	33938	23915	0	675	750	740	0	0
859	12062	5764778	33948	23920	0	677	750	740	0	0
860	12063	5764783	33957	23925	0	677	750	740	0	0
861	12064	5764788	33966	23929	0	676	750	740	0	0
862	12065	5764793	33973	23933	0	670	750	740	0	0
863	12066	5764798	33980	23937	0	665	760	730	0	0
864	12067	5764803	33987	23940	0	658	760	730	0	0
865	12068	5764808	33993	23944	0	650	770	770	0	0
866	12069	5764813	34000	23949	0	642	770	770	0	0
867	12070	5764818	34006	23954	0	638	770	770	0	0
868	12071	5764823	34012	23961	0	635	770	770	0	0
869	12072	5764828	34020	23968	0	626	770	770	0	0
870	12073	5764833	34027	23976	0	612	770	770	0	0
871	12074	5764838	34034	23983	0	596	770	770	0	0
872	12075	5764843	34040	23991	0	574	770	770	0	0
873	12076	5764848	34046	23999	0	540	770	770	0	0
874	12077	5764853	34051	24006	0	497	770	770	0	0
875	12078	5764858	34055	24014	0	443	770	770	0	0
876	12079	5764863	34059	24022	0	380	770	770	0	0
877	12080	5764868	34061	24031	0	306	770	810	0	0
878	12081	5764873	34062	24040	0	211	770	810	0	0
879	12082	5764878	34062	24050	0	92	770	810	0	0
880	12083	5764883	34062	24059	0	7	770	810	0	0
881	12084	5764888	34062	24059	0	0	770	810	0	0
882	12085	5764893	34062	24076	8	0	770	810	0	0
883	12086	5764898	34062	24084	28	0	770	810	0	0
884	12087	5764903	34062	24087	60	0	770	810	0	0
885	12088	5764908	34060	24094	80	0	770	810	0	0
886	12089	5764913	34058	24103	108	0	770	860	0	0
887	12090	5764918	34057	24106	148	0	770	860	0	0
888	12091	5764923	34056	24109	180	0	760	860	0	0
889	12092	5764928	34055	24112	220	0	760	860	0	0
890	12093	5764933	34053	24114	248	0	760	860	0	0
891	12094	5764938	34053	24117	288	0	760	860	0	0
892	12095	5764943	34053	24120	320	0	750	860	0	0
893	12096	5764948	34053	24123	349	0	750	900	0	0
894	12097	5764953	34053	24126	381	0	750	900	0	0
895	12098	5764958	34053	24129	409	0	750	900	0	0
896	12099	5764963	34053	24132	441	0	740	900	0	0
897	12100	5764968	34053	24138	461	0	740	900	0	0
898	12101	5764973	34053	24141	481	0	740	900	0	0
899	12102	5764978	34053	24148	501	0	730	900	0	0
900	12103	5764983	34053	24154	509	0	730	930	0	0
901	12104	5764988	34053	24158	529	0	730	930	0	0
902	12105	5764993	34056	24165	541	0	720	960	0	0
903	12106	5764998	34060	24171	541	0	720	960	0	0
904	12107	5765003	34064	24179	549	0	720	990	0	0
905	12108	5765008	34066	24182	561	0	720	990	0	0
906	12109	5765013	34070	24189	561	0	720	1020	0	0
907	12110	5765018	34074	24196	561	0	710	1010	0	0
908	12111	5765023	34078	24203	569	0	700	1040	0	0
909	12112	5765028	34081	24210	569	0	700	1070	0	0
910	12113	5765033	34085	24218	581	0	700	1070	0	0
911	12114	5765038	34089	24225	581	0	700	1100	0	0
912	12115	5765043	34093	24232	581	0	700	1100	0	0
913	12116	5765048	34096	24240	589	0	690	1110	0	0
914	12117	5765053	34099	24247	589	0	690	1110	0	0
915	12118	5765058	34100	24251	601	0	690	1110	0	0
916	12119	5765063	34103	24259	601	0	690	1090	0	0
917	12120	5765068	34106	24268	601	0	690	1090	0	0
918	12121	5765073	34109	24276	601	0	690	1060	0	0
919	12122	5765078	34112	24289	609	0	690	1040	0	0
920	12123	5765083	34116	24294	609	0	700	1010	0	0
921	12124	5765088	34116	24294	609	0	700	1010	0	0
922	12124	5765088	34116	24294	609	0	700	1010	0	0
923	12124	5765088	34116	24294	609	0	700	1010	0	0
924	12124	5765088	34116	24294	609	0	700	1010	0	0
925	12124	5765088	34116	24294	609	0	700	1010	0	0
926	12124	5765088	34116	24294	609	0	700	1010	0	0
927	12124	5765088	34116	24294	609	0	700	1010	0	0
928	12124	5765088	34116	24294	609	0	700	1010	0	0
929	12124	5765088	34116	24294	609	0	700	1010	0	0
