Temps de latence : 2016 ms

N°Pt	SN	T	X	Y	Z	P	Alt	Azi	Twi	Lever
1	31226	2737979	33817	23155	377	0	680	900	0	0
2	31227	2738023	33817	23155	377	0	680	900	0	0
3	31228	2738063	33528	24097	481	0	330	1280	0	0
4	31229	2738068	33528	24099	998	0	340	1280	0	0
5	31230	2738073	33528	24101	986	0	340	1280	0	0
6	31231	2738078	33528	24104	974	0	340	1280	0	0
7	31232	2738083	33528	24105	962	0	340	1280	0	0
8	31233	2738088	33529	24105	950	0	340	1280	0	0
9	31234	2738093	33533	24105	930	0	350	1280	0	0
10	31235	2738098	33538	24105	918	0	350	1280	0	0
11	31236	2738103	33541	24099	906	0	350	1280	0	0
12	31237	2738108	33546	24075	882	0	360	1280	0	0
13	31238	2738113	33552	24054	850	0	360	1280	0	0
14	31239	2738118	33558	24054	826	0	370	1270	0	0
15	31240	2738123	33573	24024	802	0	380	1270	0	0
16	31241	2738128	33590	23980	778	0	390	1270	0	0
17	31242	2738133	33608	23925	758	0	390	1260	0	0
18	31243	2738138	33624	23864	734	0	400	1260	0	0
19	31244	2738143	33629	23827	722	0	410	1250	0	0
20	31245	2738148	33629	23827	710	0	420	1240	0	0
21	31246	2738153	33649	23827	710	0	430	1230	0	0
22	31247	2738158	33679	23832	710	0	440	1230	0	0
23	31248	2738163	33711	23839	710	0	460	1210	0	0
24	31249	2738168	33749	23844	710	0	470	1210	0	0
25	31250	2738173	33795	23849	710	0	470	1200	0	0
26	31251	2738178	33846	23849	710	0	480	1190	0	0
27	31252	2738183	33898	23849	710	0	490	1180	0	0
28	31253	2738188	33951	23842	698	0	500	1170	0	0
29	31254	2738193	34009	23834	698	0	510	1170	0	0
30	31255	2738198	34073	23799	686	0	520	1160	0	0
31	31256	2738203	34116	23776	677	0	530	1170	0	0
32	31257	2738208	34156	23754	677	0	530	1160	0	0
33	31258	2738213	34192	23719	665	0	540	1170	0	0
34	31259	2738218	34224	23690	653	0	550	1160	0	0
35	31260	2738223	34253	23665	653	0	550	1160	0	0
36	31261	2738228	34279	23645	653	0	560	1160	0	0
37	31262	2738233	34302	23624	641	0	570	1160	0	0
38	31263	2738238	34324	23602	641	0	570	1160	0	0
39	31264	2738243	34345	23577	629	0	580	1170	0	0
40	31265	2738248	34366	23548	629	0	590	1170	0	0
41	31266	2738253	34366	23513	617	0	590	1170	0	0
42	31267	2738258	34398	23476	593	0	600	1160	0	0
43	31268	2738263	34429	23435	585	0	610	1170	0	0
44	31269	2738268	34429	23390	561	0	610	1170	0	0
45	31270	2738273	34457	23344	537	0	630	1160	0	0
46	31271	2738278	34457	23295	525	0	630	1160	0	0
47	31272	2738283	34457	23250	513	0	640	1160	0	0
48	31273	2738288	34457	23222	505	0	640	1160	0	0
49	31274	2738293	34457	23196	493	0	650	1150	0	0
50	31275	2738298	34457	23172	493	0	650	1150	0	0
51	31276	2738303	34459	23151	481	0	650	1130	0	0
52	31277	2738308	34463	23151	481	0	650	1130	0	0
53	31278	2738313	34475	23151	469	0	670	1110	0	0
54	31279	2738318	34486	23151	469	0	670	1110	0	0
55	31280	2738323	34503	23151	457	0	670	1090	0	0
56	31281	2738328	34518	23151	445	0	670	1090	0	0
57	31282	2738333	34531	23148	433	0	670	1070	0	0
58	31283	2738338	34535	23133	425	0	680	1080	0	0
59	31284	2738343	34542	23120	413	0	680	1050	0	0
60	31285	2738348	34549	23109	413	0	680	1050	0	0
61	31286	2738353	34555	23098	401	0	680	1050	0	0
62	31287	2738358	34561	23083	389	0	680	1050	0	0
63	31288	2738363	34569	23075	377	0	690	1030	0	0
64	31289	2738368	34575	23068	365	0	690	1030	0	0
65	31290	2738373	34581	23062	353	0	690	1030	0	0
66	31291	2738378	34588	23057	341	0	690	1030	0	0
67	31292	2738383	34594	23053	341	0	690	1030	0	0
68	31293	2738388	34606	23049	332	0	690	1030	0	0
69	31294	2738393	34612	23046	308	0	690	1030	0	0
70	31295	2738398	34621	23041	296	0	700	1010	0	0
71	31296	2738403	34624	23036	284	0	700	1010	0	0
72	31297	2738408	34627	23032	272	0	700	1010	0	0
73	31298	2738413	34630	23027	260	0	700	1010	0	0
74	31299	2738418	34633	23019	252	0	700	1010	0	0
75	31300	2738423	34633	23012	240	0	700	1010	0	0
76	31301	2738428	34634	23004	228	0	700	1010	0	0
77	31302	2738433	34634	22992	228	0	700	1010	0	0
78	31303	2738438	34634	22974	216	0	700	1010	0	0
79	31304	2738443	34634	22952	204	0	690	1000	0	0
80	31305	2738448	34634	22934	192	0	690	1000	0	0
81	31306	2738453	34634	22916	180	0	690	980	0	0
82	31307	2738458	34634	22909	168	0	690	980	0	0
83	31308	2738463	34634	22903	160	0	690	980	0	0
84	31309	2738468	34633	22899	148	0	690	980	0	0
85	31310	2738473	34630	22888	148	0	690	980	0	0
86	31311	2738478	34627	22872	148	0	690	980	0	0
87	31312	2738483	34625	22865	136	0	690	980	0	0
88	31313	2738488	34624	22865	136	0	690	980	0	0
89	31314	2738493	34624	22865	136	0	690	980	0	0
90	31315	2738498	34624	22865	136	0	690	980	0	0
91	31316	2738503	34624	22868	148	0	690	950	0	0
92	31317	2738508	34624	22872	148	0	690	950	0	0
93	31318	2738513	34624	22874	136	0	690	950	0	0
94	31319	2738518	34624	22874	136	0	690	950	0	0
95	31320	2738523	34624	22878	136	0	690	950	0	0
96	31321	2738528	34624	22881	124	0	690	950	0	0
97	31322	2738533	34624	22881	124	0	690	950	0	0
98	31323	2738538	34624	22881	112	0	690	950	0	0
99	31324	2738543	34623	22880	100	0	680	950	0	0
100	31325	2738548	34620	22869	88	0	680	950	0	0
101	31326	2738553	34617	22866	88	0	680	950	0	0
102	31327	2738558	34612	22858	80	0	680	950	0	0
103	31328	2738563	34610	22850	68	0	680	950	0	0
104	31329	2738568	34610	22846	68	0	680	950	0	0
105	31330	2738573	34610	22842	56	0	680	950	0	0
106	31331	2738578	34610	22842	56	0	680	950	0	0
107	31332	2738583	34610	22842	44	0	680	950	0	0
108	31333	2738588	34610	22842	44	0	680	950	0	0
109	31334	2738593	34610	22845	32	0	680	950	0	0
110	31335	2738598	34616	22855	20	0	680	950	0	0
111	31336	2738603	34622	22865	8	0	680	950	0	0
112	31337	2738608	34627	22874	0	0	680	950	0	0
113	31338	2738613	34631	22884	0	0	680	970	0	0
114	31339	2738618	34635	22892	0	0	680	970	0	0
115	31340	2738623	34637	22899	0	0	680	970	0	0
116	31341	2738630	34638	22906	0	152	680	970	0	0
117	31342	2738635	34638	22912	0	217	680	970	0	0
118	31343	2738640	34638	22916	0	321	680	970	0	0
119	31344	2738645	34638	22919	0	405	680	970	0	0
120	31345	2738650	34638	22922	0	462	680	970	0	0
121	31346	2738655	34638	22924	0	509	680	970	0	0
122	31347	2738660	34638	22925	0	555	680	970	0	0
123	31348	2738665	34638	22925	0	594	680	970	0	0
124	31349	2738670	34638	22926	0	619	680	970	0	0
125	31350	2738675	34638	22926	0	636	680	970	0	0
126	31351	2738680	34641	22926	0	648	680	970	0	0
127	31352	2738685	34648	22928	0	652	690	1000	0	0
128	31353	2738690	34655	22929	0	651	690	1000	0	0
129	31354	2738695	34665	22931	0	649	690	1000	0	0
130	31355	2738700	34676	22935	0	647	690	1000	0	0
131	31356	2738705	34689	22939	0	634	690	1000	0	0
132	31357	2738710	34703	22943	0	605	690	1000	0	0
133	31358	2738715	34718	22947	0	571	690	1000	0	0
134	31359	2738720	34733	22953	0	535	690	1030	0	0
135	31360	2738725	34749	22957	0	486	690	1030	0	0
136	31361	2738730	34765	22961	0	410	690	1030	0	0
137	31362	2738735	34782	22966	0	341	690	1030	0	0
138	31363	2738740	34798	22972	0	248	690	1030	0	0
139	31364	2738745	34814	22978	0	138	690	1030	0	0
140	31365	2738750	34830	22985	0	33	690	1030	0	0
141	31366	2738755	34830	22985	0	0	690	1030	0	0
142	31367	2738760	34859	23003	0	0	690	1030	0	0
143	31368	2738765	34875	23015	8	0	680	1020	0	0
144	31369	2738770	34889	23028	20	0	680	1020	0	0
145	31370	2738775	34904	23043	32	0	680	1020	0	0
146	31371	2738780	34919	23058	44	0	680	1020	0	0
147	31372	2738785	34936	23073	44	0	670	1020	0	0
148	31373	2738790	34953	23086	44	0	670	1020	0	0
149	31374	2738795	34971	23092	44	0	660	1010	0	0
150	31375	2738800	34988	23111	32	0	660	1010	0	0
151	31376	2738805	35004	23120	20	0	660	1010	0	0
152	31377	2738810	35018	23126	8	0	650	1010	0	0
153	31378	2738815	35030	23132	0	0	650	1010	0	0
154	31379	2738820	35039	23137	0	0	650	1010	0	0
155	31380	2738825	35047	23143	0	0	650	1010	0	0
156	31381	2738830	35053	23149	0	0	650	1010	0	0
157	31382	2738834	35058	23156	0	130	650	1010	0	0
158	31383	2738839	35062	23164	0	139	650	1010	0	0
159	31384	2738844	35064	23174	0	223	650	1010	0	0
160	31385	2738849	35067	23187	0	290	650	1010	0	0
161	31386	2738854	35070	23201	0	327	650	1010	0	0
162	31387	2738859	35073	23213	0	357	650	1010	0	0
163	31388	2738864	35074	23225	0	389	650	1010	0	0
164	31389	2738869	35076	23235	0	419	650	1010	0	0
165	31390	2738874	35076	23243	0	455	660	1010	0	0
166	31391	2738879	35076	23250	0	508	650	1030	0	0
167	31392	2738884	35076	23253	0	565	650	1030	0	0
168	31393	2738889	35076	23254	0	614	650	1030	0	0
169	31394	2738894	35076	23254	0	666	650	1030	0	0
170	31395	2738899	35076	23254	0	713	650	1030	0	0
171	31396	2738904	35076	23254	0	748	650	1030	0	0
172	31397	2738909	35070	23254	0	774	650	1030	0	0
173	31398	2738914	35061	23254	0	794	650	1030	0	0
174	31399	2738919	35051	23254	0	808	650	1030	0	0
175	31400	2738924	35041	23252	0	813	650	1030	0	0
176	31401	2738929	35032	23246	0	814	650	1030	0	0
177	31402	2738934	35021	23239	0	817	650	1050	0	0
178	31403	2738939	35011	23231	0	815	650	1050	0	0
179	31404	2738944	35001	23221	0	816	650	1050	0	0
180	31405	2738949	34992	23211	0	818	650	1050	0	0
181	31406	2738954	34984	23199	0	817	650	1050	0	0
182	31407	2738959	34977	23188	0	816	650	1050	0	0
183	31408	2738964	34971	23176	0	823	650	1050	0	0
184	31409	2738969	34965	23164	0	824	650	1050	0	0
185	31410	2738974	34961	23153	0	825	650	1050	0	0
186	31411	2738979	34959	23141	0	839	650	1030	0	0
187	31412	2738984	34957	23131	0	844	650	1030	0	0
188	31413	2738989	34957	23119	0	845	650	1030	0	0
189	31414	2738994	34957	23108	0	847	650	1030	0	0
190	31415	2738999	34957	23096	0	848	650	1030	0	0
191	31416	2739004	34957	23084	0	847	650	1030	0	0
192	31417	2739009	34957	23072	0	845	650	1030	0	0
193	31418	2739014	34957	23059	0	844	650	1030	0	0
194	31419	2739019	34957	23044	0	845	650	1030	0	0
195	31420	2739024	34957	23028	0	844	650	1030	0	0
196	31421	2739029	34957	23013	0	842	650	1030	0	0
197	31422	2739034	34957	22999	0	841	650	1030	0	0
198	31423	2739039	34962	22986	0	846	650	1030	0	0
199	31424	2739044	34967	22974	0	853	660	1010	0	0
200	31425	2739049	34974	22962	0	848	660	1010	0	0
201	31426	2739054	34981	22953	0	843	660	1010	0	0
202	31427	2739059	34987	22947	0	840	660	1010	0	0
203	31428	2739064	34994	22943	0	839	660	1010	0	0
204	31429	2739069	35001	22940	0	839	660	1010	0	0
205	31430	2739074	35008	22938	0	839	660	1010	0	0
206	31431	2739079	35016	22936	0	841	660	1010	0	0
207	31432	2739084	35023	22936	0	846	670	1020	0	0
208	31433	2739089	35030	22936	0	848	670	1020	0	0
209	31434	2739094	35037	22936	0	853	670	1020	0	0
210	31435	2739099	35044	22936	0	860	670	1020	0	0
211	31436	2739104	35051	22936	0	863	670	1020	0	0
212	31437	2739109	35059	22936	0	863	670	1020	0	0
213	31438	2739114	35068	22936	0	862	670	1020	0	0
214	31439	2739119	35075	22936	0	864	670	1020	0	0
215	31440	2739124	35084	22936	0	865	670	1020	0	0
216	31441	2739129	35093	22939	0	864	670	1020	0	0
217	31442	2739134	35103	22945	0	863	670	1020	0	0
218	31443	2739139	35113	22950	0	866	670	1020	0	0
219	31444	2739144	35121	22956	0	867	670	1020	0	0
220	31445	2739149	35129	22960	0	869	670	1020	0	0
221	31446	2739154	35136	22966	0	875	670	1020	0	0
222	31447	2739159	35143	22971	0	883	670	1020	0	0
223	31448	2739164	35148	22977	0	887	670	1020	0	0
224	31449	2739169	35153	22984	0	892	670	1020	0	0
225	31450	2739174	35157	22991	0	895	670	1020	0	0
226	31451	2739179	35161	23000	0	899	670	1020	0	0
227	31452	2739184	35166	23009	0	901	670	1020	0	0
228	31453	2739189	35170	23019	0	901	660	1040	0	0
229	31454	2739194	35175	23029	0	901	660	1040	0	0
230	31455	2739199	35180	23040	0	903	660	1040	0	0
231	31456	2739204	35185	23053	0	905	660	1040	0	0
232	31457	2739209	35191	23067	0	904	660	1040	0	0
233	31458	2739214	35196	23082	0	902	660	1040	0	0
234	31459	2739219	35202	23097	0	904	660	1040	0	0
235	31460	2739224	35209	23114	0	905	660	1040	0	0
236	31461	2739229	35216	23132	0	903	660	1040	0	0
237	31462	2739234	35222	23152	0	904	660	1040	0	0
238	31463	2739239	35229	23172	0	907	660	1060	0	0
239	31464	2739244	35235	23190	0	911	660	1060	0	0
240	31465	2739249	35240	23207	0	907	660	1060	0	0
241	31466	2739254	35244	23225	0	903	660	1060	0	0
242	31467	2739259	35249	23242	0	902	660	1060	0	0
243	31468	2739264	35252	23259	0	899	660	1060	0	0
244	31469	2739269	35254	23275	0	899	660	1060	0	0
245	31470	2739274	35256	23292	0	895	660	1060	0	0
246	31471	2739279	35258	23309	0	896	660	1060	0	0
247	31472	2739284	35260	23328	0	894	660	1060	0	0
248	31473	2739289	35262	23346	0	891	660	1060	0	0
249	31474	2739294	35263	23363	0	887	660	1060	0	0
250	31475	2739299	35264	23380	0	883	660	1060	0	0
251	31476	2739304	35265	23397	0	877	660	1060	0	0
252	31477	2739309	35266	23413	0	869	660	1060	0	0
253	31478	2739314	35267	23427	0	868	660	1060	0	0
254	31479	2739319	35268	23441	0	867	660	1080	0	0
255	31480	2739324	35270	23455	0	865	660	1080	0	0
256	31481	2739329	35271	23467	0	863	660	1080	0	0
257	31482	2739334	35272	23480	0	862	660	1080	0	0
258	31483	2739339	35273	23493	0	859	660	1080	0	0
259	31484	2739344	35274	23506	0	853	660	1080	0	0
260	31485	2739349	35275	23517	0	850	660	1080	0	0
261	31486	2739354	35277	23528	0	849	660	1080	0	0
262	31487	2739359	35278	23537	0	849	660	1080	0	0
263	31488	2739364	35278	23544	0	846	660	1080	0	0
264	31489	2739369	35279	23550	0	844	660	1080	0	0
265	31490	2739374	35279	23555	0	844	660	1080	0	0
266	31491	2739379	35279	23558	0	845	660	1080	0	0
267	31492	2739384	35279	23560	0	846	660	1080	0	0
268	31493	2739389	35280	23560	0	844	660	1080	0	0
269	31494	2739394	35280	23561	0	844	660	1080	0	0
270	31495	2739399	35280	23562	0	846	660	1080	0	0
271	31496	2739404	35280	23562	0	848	660	1080	0	0
272	31497	2739409	35280	23562	0	847	660	1080	0	0
273	31498	2739414	35280	23562	0	848	660	1080	0	0
274	31499	2739419	35280	23562	0	850	660	1080	0	0
275	31500	2739424	35280	23562	0	850	660	1080	0	0
276	31501	2739429	35280	23563	0	846	660	1080	0	0
277	31502	2739434	35280	23563	0	844	660	1080	0	0
278	31503	2739439	35280	23564	0	843	660	1080	0	0
279	31504	2739444	35280	23565	0	842	660	1080	0	0
280	31505	2739449	35280	23566	0	839	660	1080	0	0
281	31506	2739454	35280	23567	0	838	660	1080	0	0
282	31507	2739459	35280	23568	0	840	660	1080	0	0
283	31508	2739464	35280	23569	0	841	660	1080	0	0
284	31509	2739469	35280	23571	0	841	660	1080	0	0
285	31510	2739474	35280	23572	0	841	660	1080	0	0
286	31511	2739479	35280	23572	0	843	660	1080	0	0
287	31512	2739484	35280	23573	0	844	660	1080	0	0
288	31513	2739489	35281	23574	0	845	660	1100	0	0
289	31514	2739494	35281	23574	0	847	660	1100	0	0
290	31515	2739499	35281	23574	0	852	660	1100	0	0
291	31516	2739504	35281	23574	0	856	660	1100	0	0
292	31517	2739509	35281	23574	0	856	660	1100	0	0
293	31518	2739514	35281	23575	0	857	660	1100	0	0
294	31519	2739519	35281	23575	0	859	660	1100	0	0
295	31520	2739524	35281	23575	0	859	660	1100	0	0
296	31521	2739529	35281	23575	0	858	660	1100	0	0
297	31522	2739534	35281	23575	0	860	660	1100	0	0
298	31523	2739539	35281	23575	0	864	660	1100	0	0
299	31524	2739544	35281	23575	0	868	660	1100	0	0
300	31525	2739549	35281	23575	0	871	660	1100	0	0
301	31526	2739554	35281	23575	0	877	660	1100	0	0
302	31527	2739559	35281	23575	0	885	660	1100	0	0
303	31528	2739564	35281	23575	0	892	660	1100	0	0
304	31529	2739569	35281	23575	0	896	660	1100	0	0
305	31530	2739574	35281	23570	0	904	660	1100	0	0
306	31531	2739579	35281	23564	0	913	660	1100	0	0
307	31532	2739584	35281	23556	0	921	660	1100	0	0
308	31533	2739589	35281	23548	0	929	660	1100	0	0
309	31534	2739594	35281	23539	0	936	660	1100	0	0
310	31535	2739599	35281	23528	0	946	660	1080	0	0
311	31536	2739604	35281	23514	0	951	660	1080	0	0
312	31537	2739609	35278	23495	0	956	660	1080	0	0
313	31538	2739614	35275	23474	0	961	660	1080	0	0
314	31539	2739619	35272	23452	0	968	660	1080	0	0
315	31540	2739624	35270	23429	0	976	660	1080	0	0
316	31541	2739629	35267	23403	0	982	660	1080	0	0
317	31542	2739634	35265	23373	0	995	660	1080	0	0
318	31543	2739639	35262	23341	0	1002	660	1080	0	0
319	31544	2739644	35260	23311	0	1006	660	1080	0	0
320	31545	2739649	35259	23285	0	1019	660	1080	0	0
321	31546	2739654	35259	23258	0	1023	660	1060	0	0
322	31547	2739659	35258	23232	0	1023	660	1060	0	0
323	31548	2739664	35257	23208	0	1023	660	1060	0	0
324	31549	2739669	35257	23185	0	1023	660	1060	0	0
325	31550	2739674	35257	23163	0	1023	660	1060	0	0
326	31551	2739679	35257	23144	0	1023	660	1060	0	0
327	31552	2739684	35257	23125	0	1023	660	1060	0	0
328	31553	2739689	35257	23105	0	1023	660	1060	0	0
329	31554	2739694	35257	23088	0	1023	660	1060	0	0
330	31555	2739699	35257	23071	0	1023	660	1040	0	0
331	31556	2739704	35257	23054	0	1023	660	1040	0	0
332	31557	2739709	35257	23039	0	1023	660	1040	0	0
333	31558	2739714	35257	23025	0	1023	660	1040	0	0
334	31559	2739719	35259	23012	0	1023	660	1040	0	0
335	31560	2739724	35265	23001	0	1023	660	1040	0	0
336	31561	2739729	35270	22992	0	1023	660	1040	0	0
337	31562	2739734	35275	22983	0	1023	660	1040	0	0
338	31563	2739739	35280	22975	0	1023	660	1040	0	0
339	31564	2739744	35285	22969	0	1023	670	1020	0	0
340	31565	2739749	35289	22963	0	1023	670	1020	0	0
341	31566	2739754	35293	22958	0	1023	670	1020	0	0
342	31567	2739759	35296	22956	0	1023	670	1020	0	0
343	31568	2739764	35298	22953	0	1023	670	1020	0	0
344	31569	2739769	35301	22952	0	1023	670	1020	0	0
345	31570	2739774	35305	22951	0	1023	670	1020	0	0
346	31571	2739779	35309	22950	0	1023	670	1020	0	0
347	31572	2739784	35315	22949	0	1023	680	1020	0	0
348	31573	2739789	35322	22948	0	1023	680	1020	0	0
349	31574	2739794	35329	22947	0	1023	680	1020	0	0
350	31575	2739799	35339	22945	0	1023	680	1020	0	0
351	31576	2739804	35352	22944	0	1023	680	1020	0	0
352	31577	2739809	35365	22943	0	1023	680	1020	0	0
353	31578	2739814	35379	22943	0	1023	680	1020	0	0
354	31579	2739819	35393	22942	0	1023	680	1020	0	0
355	31580	2739824	35407	22942	0	1023	680	1020	0	0
356	31581	2739829	35420	22942	0	1023	680	1020	0	0
357	31582	2739834	35433	22942	0	1023	680	1020	0	0
358	31583	2739839	35445	22942	0	1023	690	1030	0	0
359	31584	2739844	35455	22942	0	1023	690	1030	0	0
360	31585	2739849	35465	22942	0	1023	690	1030	0	0
361	31586	2739854	35474	22942	0	1023	690	1030	0	0
362	31587	2739859	35483	22942	0	1023	690	1030	0	0
363	31588	2739864	35491	22942	0	1023	690	1030	0	0
364	31589	2739869	35500	22942	0	1023	690	1030	0	0
365	31590	2739874	35509	22944	0	1023	690	1030	0	0
366	31591	2739879	35518	22947	0	1023	680	1050	0	0
367	31592	2739884	35527	22949	0	1023	690	1060	0	0
368	31593	2739889	35536	22952	0	1023	690	1060	0	0
369	31594	2739894	35544	22954	0	1023	690	1060	0	0
370	31595	2739899	35552	22956	0	1023	690	1060	0	0
371	31596	2739904	35560	22959	0	1023	690	1060	0	0
372	31597	2739909	35568	22961	0	1023	690	1060	0	0
373	31598	2739914	35576	22964	0	1023	690	1060	0	0
374	31599	2739919	35584	22967	0	1023	690	1060	0	0
375	31600	2739924	35591	22970	0	1023	690	1060	0	0
376	31601	2739929	35598	22974	0	1023	690	1060	0	0
377	31602	2739934	35603	22976	0	1023	690	1060	0	0
378	31603	2739939	35609	22979	0	1023	690	1060	0	0
379	31604	2739944	35613	22982	0	1013	690	1060	0	0
380	31605	2739949	35617	22984	0	986	690	1060	0	0
381	31606	2739954	35619	22986	0	955	690	1060	0	0
382	31607	2739959	35620	22988	0	924	690	1060	0	0
383	31608	2739964	35621	22988	0	885	690	1060	0	0
384	31609	2739969	35621	22988	0	834	690	1060	0	0
385	31610	2739974	35621	22988	0	767	690	1060	0	0
386	31611	2739979	35621	22988	0	683	690	1040	0	0
387	31612	2739984	35621	22988	0	577	690	1040	0	0
388	31613	2739989	35620	22988	0	425	690	1040	0	0
