Temps de latence : 2391 ms

N°Pt	SN	T	X	Y	Z	P	Alt	Azi	Twi	Lever
1	3171	2788655	15347	19826	409	0	540	1130	0	0
2	3172	2788660	15357	19826	926	0	540	1120	0	0
3	3173	2788665	15403	19826	902	0	550	1120	0	0
4	3174	2788670	15445	19826	878	0	550	1120	0	0
5	3175	2788675	15484	19826	846	0	550	1120	0	0
6	3176	2788680	15522	19826	810	0	550	1120	0	0
7	3177	2788685	15545	19826	774	0	550	1110	0	0
8	3178	2788690	15552	19826	738	0	550	1110	0	0
9	3179	2788695	15615	19834	714	0	560	1120	0	0
10	3180	2788700	15678	19837	682	0	560	1100	0	0
11	3181	2788705	15736	19844	645	0	570	1110	0	0
12	3182	2788710	15789	19846	621	0	570	1110	0	0
13	3183	2788715	15838	19846	609	0	570	1090	0	0
14	3184	2788720	15883	19846	621	0	570	1090	0	0
15	3185	2788725	15927	19846	633	0	580	1080	0	0
16	3186	2788730	15973	19846	645	0	580	1080	0	0
17	3187	2788735	16021	19846	669	0	570	1060	0	0
18	3188	2788740	16072	19846	669	0	570	1060	0	0
19	3189	2788745	16126	19842	657	0	560	1040	0	0
20	3190	2788750	16183	19838	633	0	550	1030	0	0
21	3191	2788755	16241	19836	609	0	540	1010	0	0
22	3192	2788760	16299	19835	573	0	540	1000	0	0
23	3193	2788765	16353	19834	537	0	530	990	0	0
24	3194	2788770	16398	19833	513	0	520	990	0	0
25	3195	2788775	16436	19831	493	0	510	970	0	0
26	3196	2788780	16436	19827	481	0	500	970	0	0
27	3197	2788785	16430	19821	469	0	500	960	0	0
28	3198	2788790	16465	19809	457	0	490	960	0	0
29	3199	2788795	16465	19801	457	0	480	960	0	0
30	3200	2788800	16500	19794	457	0	480	940	0	0
31	3201	2788805	16532	19788	457	0	470	940	0	0
32	3202	2788810	16558	19784	445	0	470	940	0	0
33	3203	2788815	16583	19781	445	0	480	940	0	0
34	3204	2788820	16612	19778	433	0	480	930	0	0
35	3205	2788825	16634	19776	433	0	490	930	0	0
36	3206	2788830	16656	19772	421	0	500	940	0	0
37	3207	2788835	16680	19768	421	0	510	940	0	0
38	3208	2788840	16704	19763	409	0	510	940	0	0
39	3209	2788845	16726	19758	409	0	520	940	0	0
40	3210	2788850	16726	19754	397	0	520	940	0	0
41	3211	2788855	16756	19750	385	0	530	940	0	0
42	3212	2788860	16785	19744	373	0	530	940	0	0
43	3213	2788865	16785	19742	361	0	540	940	0	0
44	3214	2788870	16785	19741	349	0	540	940	0	0
45	3215	2788875	16785	19739	328	0	540	940	0	0
46	3216	2788880	16790	19739	316	0	550	940	0	0
47	3217	2788885	16804	19739	292	0	550	940	0	0
48	3218	2788890	16817	19739	280	0	560	940	0	0
49	3219	2788895	16828	19739	268	0	560	940	0	0
50	3220	2788900	16844	19739	244	0	570	960	0	0
51	3221	2788905	16851	19742	232	0	570	950	0	0
52	3222	2788910	16858	19746	220	0	570	950	0	0
53	3223	2788915	16868	19756	208	0	580	950	0	0
54	3224	2788920	16874	19764	208	0	580	950	0	0
55	3225	2788925	16879	19770	196	0	590	950	0	0
56	3226	2788930	16885	19777	196	0	590	950	0	0
57	3227	2788935	16893	19782	196	0	590	950	0	0
58	3228	2788940	16896	19787	196	0	600	950	0	0
59	3229	2788945	16902	19791	196	0	600	950	0	0
60	3230	2788950	16907	19793	196	0	600	950	0	0
61	3231	2788955	16914	19795	196	0	600	950	0	0
62	3232	2788960	16920	19796	196	0	610	950	0	0
63	3233	2788965	16926	19796	196	0	610	950	0	0
64	3234	2788970	16932	19796	196	0	610	950	0	0
65	3235	2788975	16938	19796	184	0	610	950	0	0
66	3236	2788980	16943	19797	184	0	610	950	0	0
67	3237	2788985	16948	19798	172	0	610	950	0	0
68	3238	2788990	16952	19800	172	0	610	950	0	0
69	3239	2788995	16958	19802	164	0	610	950	0	0
70	3240	2789000	16961	19805	152	0	610	950	0	0
71	3241	2789005	16964	19808	152	0	620	960	0	0
72	3242	2789010	16966	19811	140	0	620	960	0	0
73	3243	2789015	16968	19815	128	0	620	960	0	0
74	3244	2789020	16969	19818	128	0	620	960	0	0
75	3245	2789025	16970	19823	116	0	620	960	0	0
76	3246	2789030	16971	19824	104	0	620	960	0	0
77	3247	2789035	16971	19825	104	0	620	960	0	0
78	3248	2789040	16971	19825	104	0	620	960	0	0
79	3249	2789045	16971	19825	104	0	620	960	0	0
80	3250	2789050	16971	19825	92	0	620	960	0	0
81	3251	2789055	16971	19825	92	0	620	960	0	0
82	3252	2789060	16971	19825	92	0	630	960	0	0
83	3253	2789065	16971	19825	92	0	630	960	0	0
84	3254	2789070	16971	19817	104	0	630	960	0	0
85	3255	2789075	16971	19810	104	0	630	960	0	0
86	3256	2789080	16971	19806	104	0	630	960	0	0
87	3257	2789085	16971	19793	104	0	630	960	0	0
88	3258	2789090	16971	19785	104	0	630	940	0	0
89	3259	2789095	16969	19777	104	0	630	940	0	0
90	3260	2789100	16968	19773	104	0	630	940	0	0
91	3261	2789105	16968	19770	104	0	630	940	0	0
92	3262	2789110	16968	19764	104	0	630	940	0	0
93	3263	2789115	16967	19759	104	0	630	940	0	0
94	3264	2789120	16966	19756	92	0	630	940	0	0
95	3265	2789125	16966	19753	92	0	630	940	0	0
96	3266	2789130	16966	19752	92	0	630	940	0	0
97	3267	2789135	16966	19752	92	0	630	940	0	0
98	3268	2789140	16966	19752	80	0	630	940	0	0
99	3269	2789145	16966	19752	80	0	630	940	0	0
100	3270	2789150	16966	19752	80	0	630	940	0	0
101	3271	2789155	16966	19752	68	0	630	940	0	0
102	3272	2789160	16966	19752	68	0	630	940	0	0
103	3273	2789165	16966	19752	56	0	630	940	0	0
104	3274	2789170	16966	19752	56	0	630	940	0	0
105	3275	2789175	16966	19752	44	0	640	940	0	0
106	3276	2789180	16966	19752	32	0	640	940	0	0
107	3277	2789185	16966	19751	32	0	640	940	0	0
108	3278	2789190	16966	19747	20	0	640	940	0	0
109	3279	2789195	16966	19743	20	0	640	940	0	0
110	3280	2789200	16966	19740	8	0	640	940	0	0
111	3281	2789205	16967	19739	8	0	640	920	0	0
112	3282	2789210	16970	19738	0	0	640	920	0	0
113	3283	2789215	16972	19738	0	0	640	920	0	0
114	3284	2789220	16974	19738	0	0	640	920	0	0
115	3285	2789225	16976	19738	0	0	640	920	0	0
116	3286	2789230	16978	19738	0	0	640	920	0	0
117	3287	2789235	16979	19738	0	0	640	920	0	0
118	3288	2789240	16980	19740	0	0	640	920	0	0
119	3289	2789245	16980	19740	0	0	650	920	0	0
120	3290	2789250	16980	19740	0	0	650	920	0	0
121	3291	2789255	16980	19740	0	0	650	920	0	0
122	3292	2789260	16980	19740	0	0	650	920	0	0
123	3293	2789265	16980	19740	0	0	650	920	0	0
124	3294	2789274	16973	19738	0	161	650	920	0	0
125	3295	2789279	16965	19733	0	202	650	920	0	0
126	3296	2789284	16957	19729	0	302	650	920	0	0
127	3297	2789289	16949	19726	0	371	650	920	0	0
128	3298	2789294	16944	19725	0	397	650	920	0	0
129	3299	2789299	16941	19725	0	426	650	920	0	0
130	3300	2789304	16939	19725	0	446	650	920	0	0
131	3301	2789309	16938	19725	0	460	650	920	0	0
132	3302	2789314	16938	19725	0	473	650	920	0	0
133	3303	2789319	16938	19725	0	485	650	940	0	0
134	3304	2789324	16938	19725	0	500	650	940	0	0
135	3305	2789329	16938	19725	0	523	650	940	0	0
136	3306	2789334	16938	19725	0	551	650	940	0	0
137	3307	2789339	16938	19725	0	583	650	940	0	0
138	3308	2789344	16938	19725	0	618	650	940	0	0
139	3309	2789349	16938	19725	0	650	650	940	0	0
140	3310	2789354	16938	19725	0	675	650	940	0	0
141	3311	2789359	16938	19726	0	695	660	940	0	0
142	3312	2789364	16938	19727	0	716	660	940	0	0
143	3313	2789369	16938	19728	0	736	660	940	0	0
144	3314	2789374	16938	19728	0	751	660	940	0	0
145	3315	2789379	16938	19729	0	765	660	940	0	0
146	3316	2789384	16938	19729	0	782	660	940	0	0
147	3317	2789389	16938	19730	0	799	660	940	0	0
148	3318	2789394	16938	19730	0	812	660	940	0	0
149	3319	2789399	16938	19731	0	822	660	940	0	0
150	3320	2789404	16938	19732	0	832	660	940	0	0
151	3321	2789409	16938	19732	0	840	660	970	0	0
152	3322	2789414	16938	19733	0	844	660	970	0	0
153	3323	2789419	16938	19734	0	846	660	970	0	0
154	3324	2789424	16938	19735	0	852	660	970	0	0
155	3325	2789429	16938	19736	0	858	660	970	0	0
156	3326	2789434	16938	19737	0	861	660	970	0	0
157	3327	2789439	16940	19738	0	865	660	970	0	0
158	3328	2789444	16942	19739	0	873	660	970	0	0
159	3329	2789449	16944	19740	0	882	660	970	0	0
160	3330	2789454	16947	19742	0	890	660	970	0	0
161	3331	2789459	16950	19743	0	897	660	970	0	0
162	3332	2789464	16954	19744	0	908	660	970	0	0
163	3333	2789469	16958	19745	0	921	660	970	0	0
164	3334	2789474	16962	19747	0	930	660	970	0	0
165	3335	2789479	16966	19749	0	935	660	970	0	0
166	3336	2789484	16970	19751	0	939	660	970	0	0
167	3337	2789489	16974	19753	0	944	660	970	0	0
168	3338	2789494	16979	19756	0	944	660	970	0	0
169	3339	2789499	16983	19759	0	942	660	970	0	0
170	3340	2789504	16989	19763	0	943	660	970	0	0
171	3341	2789509	16996	19768	0	946	660	970	0	0
172	3342	2789514	17003	19774	0	946	660	970	0	0
173	3343	2789519	17011	19779	0	947	670	970	0	0
174	3344	2789524	17019	19785	0	950	670	970	0	0
175	3345	2789529	17025	19790	0	953	670	970	0	0
176	3346	2789534	17031	19795	0	952	670	970	0	0
177	3347	2789539	17037	19799	0	949	670	970	0	0
178	3348	2789544	17041	19803	0	951	670	990	0	0
179	3349	2789549	17046	19807	0	951	670	990	0	0
180	3350	2789554	17052	19811	0	950	670	990	0	0
181	3351	2789559	17056	19817	0	948	670	990	0	0
182	3352	2789564	17061	19823	0	948	670	990	0	0
183	3353	2789569	17067	19831	0	950	670	990	0	0
184	3354	2789574	17073	19840	0	947	670	990	0	0
185	3355	2789579	17079	19850	0	941	670	990	0	0
186	3356	2789584	17085	19861	0	937	670	990	0	0
187	3357	2789589	17091	19871	0	933	670	990	0	0
188	3358	2789594	17095	19883	0	928	660	990	0	0
189	3359	2789599	17100	19895	0	922	660	990	0	0
190	3360	2789604	17104	19907	0	918	660	990	0	0
191	3361	2789609	17109	19920	0	919	660	990	0	0
192	3362	2789614	17113	19934	0	915	660	990	0	0
193	3363	2789619	17117	19947	0	909	660	990	0	0
194	3364	2789624	17120	19960	0	907	660	990	0	0
195	3365	2789629	17123	19974	0	908	660	990	0	0
196	3366	2789634	17125	19988	0	902	660	990	0	0
197	3367	2789639	17128	20003	0	896	660	990	0	0
198	3368	2789644	17131	20019	0	891	660	990	0	0
199	3369	2789649	17134	20033	0	889	660	990	0	0
200	3370	2789654	17136	20048	0	885	660	990	0	0
201	3371	2789659	17140	20063	0	882	660	990	0	0
202	3372	2789664	17144	20079	0	883	660	990	0	0
203	3373	2789669	17148	20094	0	885	660	990	0	0
204	3374	2789674	17153	20108	0	883	660	990	0	0
205	3375	2789679	17157	20120	0	881	660	990	0	0
206	3376	2789684	17160	20130	0	880	660	990	0	0
207	3377	2789689	17164	20140	0	880	660	1010	0	0
208	3378	2789694	17168	20149	0	875	660	1010	0	0
209	3379	2789699	17172	20158	0	873	660	1010	0	0
210	3380	2789704	17176	20165	0	874	660	1010	0	0
211	3381	2789709	17179	20173	0	878	660	1010	0	0
212	3382	2789714	17182	20181	0	881	650	1030	0	0
213	3383	2789719	17185	20189	0	884	650	1030	0	0
214	3384	2789724	17189	20198	0	892	650	1030	0	0
215	3385	2789729	17193	20207	0	902	650	1030	0	0
216	3386	2789734	17197	20217	0	907	650	1030	0	0
217	3387	2789739	17200	20227	0	911	650	1030	0	0
218	3388	2789744	17203	20237	0	915	650	1030	0	0
219	3389	2789749	17207	20249	0	916	660	1060	0	0
220	3390	2789754	17210	20261	0	913	660	1040	0	0
221	3391	2789759	17214	20274	0	907	660	1040	0	0
222	3392	2789764	17217	20286	0	906	660	1040	0	0
223	3393	2789769	17220	20298	0	907	660	1040	0	0
224	3394	2789774	17221	20310	0	903	660	1040	0	0
225	3395	2789779	17223	20321	0	898	660	1040	0	0
226	3396	2789784	17224	20334	0	897	660	1040	0	0
227	3397	2789789	17224	20345	0	899	660	1040	0	0
228	3398	2789794	17224	20356	0	897	660	1040	0	0
229	3399	2789799	17224	20368	0	895	660	1040	0	0
230	3400	2789804	17224	20381	0	897	660	1040	0	0
231	3401	2789809	17224	20394	0	903	660	1040	0	0
232	3402	2789814	17224	20408	0	906	660	1040	0	0
233	3403	2789819	17224	20423	0	908	660	1040	0	0
234	3404	2789824	17224	20437	0	909	660	1040	0	0
235	3405	2789829	17224	20452	0	912	660	1040	0	0
236	3406	2789834	17224	20465	0	911	660	1040	0	0
237	3407	2789839	17224	20478	0	910	660	1040	0	0
238	3408	2789844	17224	20488	0	909	660	1040	0	0
239	3409	2789849	17224	20497	0	910	660	1060	0	0
240	3410	2789854	17224	20503	0	908	660	1060	0	0
241	3411	2789859	17224	20508	0	905	660	1060	0	0
242	3412	2789864	17224	20511	0	906	660	1060	0	0
243	3413	2789869	17224	20512	0	909	660	1060	0	0
244	3414	2789874	17224	20514	0	910	660	1060	0	0
245	3415	2789879	17224	20514	0	911	660	1060	0	0
246	3416	2789884	17224	20515	0	917	660	1060	0	0
247	3417	2789889	17224	20515	0	923	660	1060	0	0
248	3418	2789894	17224	20515	0	927	660	1060	0	0
249	3419	2789899	17224	20515	0	929	660	1060	0	0
250	3420	2789904	17224	20515	0	932	660	1060	0	0
251	3421	2789909	17224	20515	0	935	660	1060	0	0
252	3422	2789914	17224	20515	0	935	660	1060	0	0
253	3423	2789919	17224	20515	0	934	660	1060	0	0
254	3424	2789924	17224	20515	0	936	660	1060	0	0
255	3425	2789929	17224	20515	0	940	660	1060	0	0
256	3426	2789934	17224	20515	0	939	660	1060	0	0
257	3427	2789939	17224	20515	0	937	660	1060	0	0
258	3428	2789944	17224	20515	0	939	660	1060	0	0
259	3429	2789949	17224	20515	0	942	660	1060	0	0
260	3430	2789954	17224	20515	0	942	660	1060	0	0
261	3431	2789959	17224	20515	0	941	660	1060	0	0
262	3432	2789964	17224	20515	0	945	660	1060	0	0
263	3433	2789969	17224	20513	0	951	660	1060	0	0
264	3434	2789974	17224	20506	0	956	660	1060	0	0
265	3435	2789979	17224	20496	0	959	660	1060	0	0
266	3436	2789984	17224	20483	0	965	660	1060	0	0
267	3437	2789989	17224	20467	0	971	660	1060	0	0
268	3438	2789994	17224	20450	0	973	660	1060	0	0
269	3439	2789999	17224	20431	0	972	660	1060	0	0
270	3440	2790004	17222	20411	0	976	660	1060	0	0
271	3441	2790009	17222	20388	0	980	660	1080	0	0
272	3442	2790014	17221	20360	0	982	660	1060	0	0
273	3443	2790019	17220	20329	0	983	660	1060	0	0
274	3444	2790024	17220	20297	0	985	660	1060	0	0
275	3445	2790029	17220	20266	0	994	660	1060	0	0
276	3446	2790034	17219	20234	0	1006	660	1060	0	0
277	3447	2790039	17219	20204	0	1014	660	1060	0	0
278	3448	2790044	17219	20174	0	1016	660	1060	0	0
279	3449	2790049	17219	20145	0	1018	660	1040	0	0
280	3450	2790054	17219	20118	0	1015	660	1040	0	0
281	3451	2790059	17219	20096	0	1010	660	1040	0	0
282	3452	2790064	17219	20076	0	1013	660	1040	0	0
283	3453	2790069	17219	20059	0	1017	660	1040	0	0
284	3454	2790074	17219	20041	0	1023	660	1040	0	0
285	3455	2790079	17219	20024	0	1021	660	1040	0	0
286	3456	2790084	17219	20005	0	1023	670	1020	0	0
287	3457	2790089	17219	19988	0	1023	670	1020	0	0
288	3458	2790094	17220	19973	0	1023	670	1020	0	0
289	3459	2790099	17223	19959	0	1023	670	1020	0	0
290	3460	2790104	17228	19945	0	1023	670	1020	0	0
291	3461	2790109	17233	19930	0	1023	670	1020	0	0
292	3462	2790114	17238	19915	0	1023	670	1020	0	0
293	3463	2790119	17243	19900	0	1023	670	990	0	0
294	3464	2790124	17249	19887	0	1023	670	990	0	0
295	3465	2790129	17255	19874	0	1023	670	990	0	0
296	3466	2790134	17261	19863	0	1023	670	990	0	0
297	3467	2790139	17269	19852	0	1023	670	990	0	0
298	3468	2790144	17276	19840	0	1023	670	990	0	0
299	3469	2790149	17283	19831	0	1023	670	990	0	0
300	3470	2790154	17291	19822	0	1023	670	990	0	0
301	3471	2790159	17299	19815	0	1023	670	990	0	0
302	3472	2790164	17308	19809	0	1023	670	990	0	0
303	3473	2790169	17316	19804	0	1023	670	990	0	0
304	3474	2790174	17327	19800	0	1023	670	990	0	0
305	3475	2790179	17337	19797	0	1023	670	990	0	0
306	3476	2790184	17348	19796	0	1023	670	990	0	0
307	3477	2790189	17360	19795	0	1023	680	1000	0	0
308	3478	2790194	17373	19795	0	1023	680	1000	0	0
309	3479	2790199	17385	19795	0	1023	680	1000	0	0
310	3480	2790204	17398	19795	0	1023	680	1000	0	0
311	3481	2790209	17409	19795	0	1023	680	1000	0	0
312	3482	2790214	17421	19795	0	1022	680	1000	0	0
313	3483	2790219	17431	19795	0	1015	680	1000	0	0
314	3484	2790224	17443	19795	0	1006	680	1000	0	0
315	3485	2790229	17454	19795	0	1000	680	1000	0	0
316	3486	2790234	17464	19799	0	989	680	1000	0	0
317	3487	2790239	17474	19804	0	977	680	1000	0	0
318	3488	2790244	17484	19810	0	967	690	1000	0	0
319	3489	2790249	17494	19815	0	958	690	1000	0	0
320	3490	2790254	17502	19821	0	936	690	1000	0	0
321	3491	2790259	17510	19826	0	890	690	1000	0	0
322	3492	2790264	17516	19832	0	847	690	1000	0	0
323	3493	2790269	17520	19836	0	798	690	1000	0	0
324	3494	2790274	17523	19840	0	740	690	1000	0	0
325	3495	2790279	17525	19845	0	673	690	1000	0	0
326	3496	2790284	17526	19850	0	600	690	1000	0	0
327	3497	2790289	17526	19857	0	509	690	1000	0	0
328	3498	2790294	17526	19865	0	400	690	1000	0	0
329	3499	2790299	17526	19875	0	261	690	1000	0	0
330	3500	2790304	17526	19887	0	78	690	1000	0	0
331	3501	2790309	17526	19887	0	0	690	1000	0	0
332	3502	2790314	17505	19916	8	0	690	1000	0	0
333	3503	2790319	17492	19934	32	0	690	1000	0	0
334	3504	2790324	17478	19953	44	0	690	1000	0	0
335	3505	2790329	17472	19974	68	0	690	1000	0	0
336	3506	2790334	17449	19995	76	0	690	1000	0	0
337	3507	2790339	17437	20018	88	0	680	1000	0	0
338	3508	2790344	17432	20041	112	0	680	1000	0	0
339	3509	2790349	17414	20063	124	0	680	1000	0	0
340	3510	2790354	17404	20084	136	0	680	1000	0	0
341	3511	2790359	17400	20103	136	0	680	1000	0	0
342	3512	2790364	17386	20120	144	0	680	1000	0	0
343	3513	2790369	17382	20125	144	0	670	990	0	0
344	3514	2790374	17378	20130	136	0	670	990	0	0
345	3515	2790379	17374	20135	136	0	670	990	0	0
346	3516	2790384	17363	20153	124	0	670	990	0	0
347	3517	2790389	17357	20161	100	0	670	990	0	0
348	3518	2790394	17348	20171	76	0	670	990	0	0
349	3519	2790399	17342	20176	56	0	670	990	0	0
350	3520	2790404	17333	20182	0	0	660	990	0	0
351	3521	2790409	17327	20186	0	0	660	990	0	0
352	3522	2790414	17322	20190	0	0	660	990	0	0
353	3523	2790418	17317	20195	0	153	660	990	0	0
354	3524	2790423	17312	20200	0	264	660	990	0	0
355	3525	2790428	17307	20204	0	357	660	990	0	0
356	3526	2790433	17303	20208	0	445	660	990	0	0
357	3527	2790438	17300	20213	0	492	660	990	0	0
358	3528	2790443	17300	20217	0	538	670	990	0	0
359	3529	2790448	17300	20219	0	571	670	990	0	0
360	3530	2790453	17299	20221	0	603	670	990	0	0
361	3531	2790458	17299	20222	0	641	670	990	0	0
362	3532	2790463	17299	20223	0	681	670	990	0	0
363	3533	2790468	17299	20224	0	724	670	990	0	0
364	3534	2790473	17299	20224	0	763	670	1020	0	0
365	3535	2790478	17299	20224	0	803	670	1020	0	0
366	3536	2790483	17299	20225	0	846	670	1020	0	0
367	3537	2790488	17299	20225	0	884	670	1020	0	0
368	3538	2790493	17299	20225	0	913	670	1020	0	0
369	3539	2790498	17299	20225	0	937	670	1020	0	0
370	3540	2790503	17299	20225	0	958	670	1020	0	0
371	3541	2790508	17299	20225	0	974	670	1020	0	0
372	3542	2790513	17299	20225	0	982	670	1020	0	0
373	3543	2790518	17299	20225	0	987	670	1020	0	0
374	3544	2790523	17299	20225	0	993	670	1020	0	0
375	3545	2790528	17299	20225	0	1000	670	1020	0	0
376	3546	2790533	17308	20225	0	1003	680	1020	0	0
377	3547	2790538	17317	20225	0	1009	680	1020	0	0
378	3548	2790543	17328	20225	0	1021	680	1020	0	0
379	3549	2790548	17339	20225	0	1023	680	1020	0	0
380	3550	2790553	17350	20225	0	1023	670	1050	0	0
381	3551	2790558	17362	20225	0	1023	670	1050	0	0
382	3552	2790563	17375	20225	0	1023	670	1050	0	0
383	3553	2790568	17388	20225	0	1023	670	1050	0	0
384	3554	2790573	17401	20225	0	1023	670	1050	0	0
385	3555	2790578	17413	20225	0	1023	670	1050	0	0
386	3556	2790583	17426	20225	0	1023	670	1050	0	0
387	3557	2790588	17439	20225	0	1023	670	1050	0	0
388	3558	2790593	17452	20225	0	1023	680	1050	0	0
389	3559	2790598	17466	20222	0	1023	680	1080	0	0
390	3560	2790603	17480	20218	0	1023	680	1080	0	0
391	3561	2790608	17492	20213	0	1023	680	1080	0	0
392	3562	2790613	17503	20210	0	1023	680	1080	0	0
393	3563	2790618	17513	20206	0	1023	680	1080	0	0
394	3564	2790623	17524	20203	0	1023	680	1080	0	0
395	3565	2790628	17534	20199	0	1023	680	1080	0	0
396	3566	2790633	17543	20194	0	1023	680	1080	0	0
397	3567	2790638	17551	20191	0	1023	680	1100	0	0
398	3568	2790643	17558	20188	0	1023	680	1100	0	0
399	3569	2790648	17566	20185	0	1023	680	1100	0	0
400	3570	2790653	17575	20182	0	1023	690	1110	0	0
401	3571	2790658	17585	20180	0	1023	690	1110	0	0
402	3572	2790663	17596	20178	0	1023	690	1110	0	0
403	3573	2790668	17606	20176	0	1023	690	1110	0	0
404	3574	2790673	17617	20174	0	1023	690	1110	0	0
405	3575	2790678	17629	20173	0	1023	690	1110	0	0
406	3576	2790683	17640	20171	0	1023	690	1110	0	0
407	3577	2790688	17649	20170	0	1023	690	1110	0	0
408	3578	2790693	17657	20168	0	1023	690	1110	0	0
409	3579	2790698	17664	20167	0	1023	690	1110	0	0
410	3580	2790703	17669	20165	0	1023	690	1110	0	0
411	3581	2790708	17672	20164	0	1023	690	1110	0	0
412	3582	2790713	17675	20164	0	1023	690	1110	0	0
413	3583	2790718	17676	20163	0	965	690	1110	0	0
414	3584	2790723	17678	20161	0	892	690	1090	0	0
415	3585	2790728	17678	20153	0	801	690	1090	0	0
416	3586	2790733	17678	20142	0	679	690	1090	0	0
417	3587	2790738	17678	20134	0	518	690	1090	0	0
